7.457003932257396956e-04 8.932419071859048695e-04 2.678441848884125149e-04 2.070284163866770882e-04 1.921140141090750303e-04 1.847791887582185153e-04 1.876077473954792542e-04 1.887089524153241478e-04 1.872895840778342094e-04 1.823773541736176042e-04 1.918345708962537939e-04 1.843076740298026030e-04 1.813377782198822012e-04 1.780894948640756432e-04 1.604682169644927137e-04 1.738872458760529541e-04
8.932419071859048695e-04 1.082569406452074494e-03 2.739418302930914269e-04 2.014820928468093490e-04 1.837070073458808156e-04 1.741112515466605227e-04 1.782417982263268235e-04 1.797258214054541707e-04 1.756491191889244076e-04 1.702402546977024866e-04 1.805596973377892689e-04 1.714135318335591055e-04 1.669390033054269046e-04 1.654876454247795089e-04 1.503170519450684089e-04 1.733916705242185131e-04
2.678441848884125149e-04 2.739418302930914269e-04 4.304580298291863123e-04 2.786975787882018329e-04 2.500116349544035245e-04 2.606993647934763834e-04 2.533019112674453387e-04 2.461647679822156869e-04 2.578508568199188410e-04 2.514405909701030589e-04 2.580047100067406752e-04 2.568203318015011482e-04 2.563055972695880286e-04 2.451073030686593576e-04 2.163605717603357139e-04 2.129078406869285727e-04
2.070284163866770882e-04 2.014820928468093490e-04 2.786975787882018329e-04 2.913458759604209891e-04 2.391411121002502314e-04 2.392218494376019823e-04 2.317433980904651540e-04 2.306582228820247256e-04 2.408014060709458715e-04 2.388159402851067984e-04 2.444196068504855585e-04 2.431821313870469843e-04 2.454492671944647560e-04 2.331294768116782179e-04 2.092298893448679166e-04 1.952362281782555589e-04
1.921140141090750303e-04 1.837070073458808156e-04 2.500116349544035245e-04 2.391411121002502314e-04 2.447225350739950459e-04 2.300650055515735513e-04 2.255466507052734622e-04 2.259535501498814714e-04 2.343339308051334714e-04 2.310979834935615064e-04 2.380038783185729604e-04 2.372959321211660032e-04 2.420431658716587747e-04 2.315024377544293787e-04 2.021845325886864782e-04 1.708635693707715526e-04
1.847791887582185153e-04 1.741112515466605227e-04 2.606993647934763834e-04 2.392218494376019823e-04 2.300650055515735513e-04 2.388922879979144052e-04 2.272908656426453745e-04 2.263045697667146643e-04 2.365535933840510932e-04 2.320157601941586465e-04 2.376780381606771297e-04 2.361929049812317761e-04 2.392003871108832388e-04 2.302943753613145958e-04 2.043019686084499790e-04 1.868825318730191556e-04
1.876077473954792542e-04 1.782417982263268235e-04 2.533019112674453387e-04 2.317433980904651540e-04 2.255466507052734622e-04 2.272908656426453745e-04 2.302716824913240263e-04 2.259147571941129038e-04 2.346670512344646770e-04 2.316889733749640673e-04 2.377300959055335308e-04 2.368779164653557012e-04 2.394559727859484641e-04 2.309888876985266158e-04 2.076356873548764533e-04 1.859181564246721564e-04
1.887089524153241478e-04 1.797258214054541707e-04 2.461647679822156869e-04 2.306582228820247256e-04 2.259535501498814714e-04 2.263045697667146643e-04 2.259147571941129038e-04 2.283163022888963891e-04 2.349602666478447686e-04 2.316623301644987331e-04 2.377744403410811749e-04 2.363957087879692102e-04 2.402090647747498714e-04 2.320650764519292548e-04 2.080334230363976519e-04 1.846317292509401672e-04
1.872895840778342094e-04 1.756491191889244076e-04 2.578508568199188410e-04 2.408014060709458715e-04 2.343339308051334714e-04 2.365535933840510932e-04 2.346670512344646770e-04 2.349602666478447686e-04 2.464178672694499091e-04 2.417890332015467216e-04 2.483172370170967733e-04 2.470984296195383070e-04 2.506747124608989176e-04 2.419964280686221804e-04 2.150145998525580045e-04 1.857879468855544772e-04
1.823773541736176042e-04 1.702402546977024866e-04 2.514405909701030589e-04 2.388159402851067984e-04 2.310979834935615064e-04 2.320157601941586465e-04 2.316889733749640673e-04 2.316623301644987331e-04 2.417890332015467216e-04 2.417448928521021565e-04 2.470350307901864766e-04 2.454084234221810172e-04 2.486996690673447794e-04 2.397179609471123242e-04 2.136341491076230396e-04 1.826941127741328152e-04
1.918345708962537939e-04 1.805596973377892689e-04 2.580047100067406752e-04 2.444196068504855585e-04 2.380038783185729604e-04 2.376780381606771297e-04 2.377300959055335308e-04 2.377744403410811749e-04 2.483172370170967733e-04 2.470350307901864766e-04 2.571801785216296901e-04 2.557844159357245588e-04 2.601884871606286332e-04 2.511048541597023188e-04 2.220328102220120588e-04 1.864436406613173493e-04
1.843076740298026030e-04 1.714135318335591055e-04 2.568203318015011482e-04 2.431821313870469843e-04 2.372959321211660032e-04 2.361929049812317761e-04 2.368779164653557012e-04 2.363957087879692102e-04 2.470984296195383070e-04 2.454084234221810172e-04 2.557844159357245588e-04 2.599272738913532485e-04 2.658589614807860485e-04 2.595454441101555749e-04 2.321186512844158455e-04 1.961638190959718881e-04
1.813377782198822012e-04 1.669390033054269046e-04 2.563055972695880286e-04 2.454492671944647560e-04 2.420431658716587747e-04 2.392003871108832388e-04 2.394559727859484641e-04 2.402090647747498714e-04 2.506747124608989176e-04 2.486996690673447794e-04 2.601884871606286332e-04 2.658589614807860485e-04 2.796588257743278893e-04 2.802671666757608178e-04 2.564920531237942464e-04 2.159223800925912551e-04
1.780894948640756432e-04 1.654876454247795089e-04 2.451073030686593576e-04 2.331294768116782179e-04 2.315024377544293787e-04 2.302943753613145958e-04 2.309888876985266158e-04 2.320650764519292548e-04 2.419964280686221804e-04 2.397179609471123242e-04 2.511048541597023188e-04 2.595454441101555749e-04 2.802671666757608178e-04 3.082850526852454827e-04 3.040247944223302889e-04 2.764685696079287325e-04
1.604682169644927137e-04 1.503170519450684089e-04 2.163605717603357139e-04 2.092298893448679166e-04 2.021845325886864782e-04 2.043019686084499790e-04 2.076356873548764533e-04 2.080334230363976519e-04 2.150145998525580045e-04 2.136341491076230396e-04 2.220328102220120588e-04 2.321186512844158455e-04 2.564920531237942464e-04 3.040247944223302889e-04 3.544377269622952468e-04 3.876445967481884926e-04
1.738872458760529541e-04 1.733916705242185131e-04 2.129078406869285727e-04 1.952362281782555589e-04 1.708635693707715526e-04 1.868825318730191556e-04 1.859181564246721564e-04 1.846317292509401672e-04 1.857879468855544772e-04 1.826941127741328152e-04 1.864436406613173493e-04 1.961638190959718881e-04 2.159223800925912551e-04 2.764685696079287325e-04 3.876445967481884926e-04 6.219039819983721972e-04
