7.686507148683444871e-04 9.202077224164091716e-04 2.786019467551402798e-04 2.201128228982642964e-04 2.041919556150037106e-04 1.958085979956555769e-04 1.994775272232958787e-04 2.002928287048333790e-04 1.996426626659744317e-04 1.961445281740697587e-04 2.056366675457676943e-04 1.956724306517579402e-04 1.910344227515143516e-04 1.846605955906774820e-04 1.611068199794664867e-04 1.718775904000617333e-04
9.202077224164091716e-04 1.114006166524667170e-03 2.873185578209694314e-04 2.177432940507327433e-04 1.988024892628195608e-04 1.881624093575062990e-04 1.932612224893282221e-04 1.944408583911577302e-04 1.913550018420331856e-04 1.875459521150050633e-04 1.979102982497174925e-04 1.861403320051663909e-04 1.798182975576971424e-04 1.742112225345686697e-04 1.517939390706743864e-04 1.710422865591733560e-04
2.786019467551402798e-04 2.873185578209694314e-04 4.358352892129445854e-04 2.823827290679875352e-04 2.535219038922336722e-04 2.623383827360766993e-04 2.575561768658357099e-04 2.492798987300370427e-04 2.609686189460352522e-04 2.552212158480403705e-04 2.610907800384127233e-04 2.588272496037801840e-04 2.564284228132135911e-04 2.467571311463133822e-04 2.179016317011815164e-04 2.147038537751695209e-04
2.201128228982642964e-04 2.177432940507327433e-04 2.823827290679875352e-04 2.928887662564406144e-04 2.411179604673563393e-04 2.406645711580816035e-04 2.340070862992906008e-04 2.323539808081279416e-04 2.425610423516524829e-04 2.412187052758193475e-04 2.467366646088099929e-04 2.438033559047344048e-04 2.445617143872663214e-04 2.328334962897608590e-04 2.077239331953906079e-04 1.950342928065856895e-04
2.041919556150037106e-04 1.988024892628195608e-04 2.535219038922336722e-04 2.411179604673563393e-04 2.463902247498459355e-04 2.308526908348258733e-04 2.269723375867552435e-04 2.268661374899815777e-04 2.354916777861627516e-04 2.329952842501056864e-04 2.398684095017747896e-04 2.375836027709017195e-04 2.409288078344471037e-04 2.313436894684220901e-04 2.007382006487981423e-04 1.715474347157259030e-04
1.958085979956555769e-04 1.881624093575062990e-04 2.623383827360766993e-04 2.406645711580816035e-04 2.308526908348258733e-04 2.386344760847470029e-04 2.276922948360188140e-04 2.261747126518289810e-04 2.363396360326732403e-04 2.326110120946879079e-04 2.380630361825137459e-04 2.349534827627501436e-04 2.367052660740502482e-04 2.287635331398884023e-04 2.021185574462209297e-04 1.866618570255083886e-04
1.994775272232958787e-04 1.932612224893282221e-04 2.575561768658357099e-04 2.340070862992906008e-04 2.269723375867552435e-04 2.276922948360188140e-04 2.313604640599925620e-04 2.264775317820884911e-04 2.351229386715585209e-04 2.327997363077250826e-04 2.387764651253962932e-04 2.362991141832145958e-04 2.377054725194206741e-04 2.301543116241641553e-04 2.060042827588716300e-04 1.864966058708818100e-04
2.002928287048333790e-04 1.944408583911577302e-04 2.492798987300370427e-04 2.323539808081279416e-04 2.268661374899815777e-04 2.261747126518289810e-04 2.264775317820884911e-04 2.283260715164632927e-04 2.350038166000474420e-04 2.324475395276196757e-04 2.385437650557429830e-04 2.355874909030134358e-04 2.380687772213115321e-04 2.308578421871271139e-04 2.059948853854166547e-04 1.841575909996878875e-04
1.996426626659744317e-04 1.913550018420331856e-04 2.609686189460352522e-04 2.425610423516524829e-04 2.354916777861627516e-04 2.363396360326732403e-04 2.351229386715585209e-04 2.350038166000474420e-04 2.462835344539312252e-04 2.424593899645483550e-04 2.489661651518180986e-04 2.461274485288355565e-04 2.485618990612842500e-04 2.408514357625318140e-04 2.130901244532714810e-04 1.859192979716437714e-04
1.961445281740697587e-04 1.875459521150050633e-04 2.552212158480403705e-04 2.412187052758193475e-04 2.329952842501056864e-04 2.326110120946879079e-04 2.327997363077250826e-04 2.324475395276196757e-04 2.424593899645483550e-04 2.431053520221394901e-04 2.483788719302229011e-04 2.450944250358829085e-04 2.472998507124683841e-04 2.391565224751867843e-04 2.121256544430868735e-04 1.834975060140412915e-04
2.056366675457676943e-04 1.979102982497174925e-04 2.610907800384127233e-04 2.467366646088099929e-04 2.398684095017747896e-04 2.380630361825137459e-04 2.387764651253962932e-04 2.385437650557429830e-04 2.489661651518180986e-04 2.483788719302229011e-04 2.585993838638765935e-04 2.555999304542748971e-04 2.589490372496403470e-04 2.509090701900379785e-04 2.211834504335071026e-04 1.875852939608078039e-04
1.956724306517579402e-04 1.861403320051663909e-04 2.588272496037801840e-04 2.438033559047344048e-04 2.375836027709017195e-04 2.349534827627501436e-04 2.362991141832145958e-04 2.355874909030134358e-04 2.461274485288355565e-04 2.450944250358829085e-04 2.555999304542748971e-04 2.581733707508840911e-04 2.630219239470781359e-04 2.576496210425298881e-04 2.296075819115195934e-04 1.954866610126160676e-04
1.910344227515143516e-04 1.798182975576971424e-04 2.564284228132135911e-04 2.445617143872663214e-04 2.409288078344471037e-04 2.367052660740502482e-04 2.377054725194206741e-04 2.380687772213115321e-04 2.485618990612842500e-04 2.472998507124683841e-04 2.589490372496403470e-04 2.630219239470781359e-04 2.757022266656935497e-04 2.772991578383705229e-04 2.529580574618118518e-04 2.139478473011976317e-04
1.846605955906774820e-04 1.742112225345686697e-04 2.467571311463133822e-04 2.328334962897608590e-04 2.313436894684220901e-04 2.287635331398884023e-04 2.301543116241641553e-04 2.308578421871271139e-04 2.408514357625318140e-04 2.391565224751867843e-04 2.509090701900379785e-04 2.576496210425298881e-04 2.772991578383705229e-04 3.062057991033217486e-04 3.010496805207205692e-04 2.739319736085670215e-04
1.611068199794664867e-04 1.517939390706743864e-04 2.179016317011815164e-04 2.077239331953906079e-04 2.007382006487981423e-04 2.021185574462209297e-04 2.060042827588716300e-04 2.059948853854166547e-04 2.130901244532714810e-04 2.121256544430868735e-04 2.211834504335071026e-04 2.296075819115195934e-04 2.529580574618118518e-04 3.010496805207205692e-04 3.517501162473274227e-04 3.844855451790352738e-04
1.718775904000617333e-04 1.710422865591733560e-04 2.147038537751695209e-04 1.950342928065856895e-04 1.715474347157259030e-04 1.866618570255083886e-04 1.864966058708818100e-04 1.841575909996878875e-04 1.859192979716437714e-04 1.834975060140412915e-04 1.875852939608078039e-04 1.954866610126160676e-04 2.139478473011976317e-04 2.739319736085670215e-04 3.844855451790352738e-04 6.141532805815482160e-04
