{
 "cells": [
  {
   "cell_type": "code",
   "execution_count": 1,
   "metadata": {
    "scrolled": true
   },
   "outputs": [],
   "source": [
    "import cov_hankel as cov\n",
    "import numpy as np\n",
    "import matplotlib.pyplot as plt\n",
    "import utils as u\n",
    "import fiducial as fid"
   ]
  },
  {
   "cell_type": "markdown",
   "metadata": {},
   "source": [
    "Making plot to illustrate how nonlinear scale cuts get more important with upcoming survey for application."
   ]
  },
  {
   "cell_type": "markdown",
   "metadata": {},
   "source": [
    "Set-up scenario:"
   ]
  },
  {
   "cell_type": "code",
   "execution_count": 3,
   "metadata": {},
   "outputs": [],
   "source": [
    "rp0 = 1.5\n",
    "Pimax=100.\n",
    "params = {'sigma8':0.83,'b':2.2,'OmB':0.05, 'h':0.68, 'n_s':0.96, 'OmM': 0.3, 'mu_0':0., 'sigma_0': 0.}\n",
    "rp_bin_edges = np.logspace(np.log10(rp0), np.log10(100.), 15)\n",
    "rp_bin_c = u.rp_bins_mid(rp_bin_edges)"
   ]
  },
  {
   "cell_type": "markdown",
   "metadata": {},
   "source": [
    "Get SDSS $\\Delta \\Sigma$ thory."
   ]
  },
  {
   "cell_type": "code",
   "execution_count": 4,
   "metadata": {},
   "outputs": [
    {
     "name": "stderr",
     "output_type": "stream",
     "text": [
      "pyfftlog.py:442: RuntimeWarning: divide by zero encountered in log\n",
      "  zp = np.log(gamma(xp + y))\n",
      "pyfftlog.py:443: RuntimeWarning: divide by zero encountered in log\n",
      "  zm = np.log(gamma(xm + y))\n",
      "pyfftlog.py:136: RuntimeWarning: divide by zero encountered in log\n",
      "  zp = np.log(gamma(xp + 1j*y))\n"
     ]
    }
   ],
   "source": [
    "Delta_SDSS_lin = fid.Delta_gm(params, rp_bin_edges, 'LOWZ', 'SDSS', 'apps_SDSS', nonlin=False)\n",
    "Delta_SDSS_nonlin = fid.Delta_gm(params, rp_bin_edges, 'LOWZ', 'SDSS', 'apps_SDSS', nonlin=True)"
   ]
  },
  {
   "cell_type": "markdown",
   "metadata": {},
   "source": [
    "Get LSST + DESI $\\Delta \\Sigma$ theory"
   ]
  },
  {
   "cell_type": "code",
   "execution_count": 5,
   "metadata": {},
   "outputs": [],
   "source": [
    "Delta_LSST_lin = fid.Delta_gm(params, rp_bin_edges, 'DESI', 'LSST', 'apps_LSST', nonlin=False)\n",
    "Delta_LSST_nonlin = fid.Delta_gm(params, rp_bin_edges, 'DESI', 'LSST', 'apps_LSST', nonlin=True)"
   ]
  },
  {
   "cell_type": "markdown",
   "metadata": {},
   "source": [
    "Get covariance matrix for $\\Delta \\Sigma$ in bins for SDSS and then LSST + DESI"
   ]
  },
  {
   "cell_type": "code",
   "execution_count": 6,
   "metadata": {},
   "outputs": [
    {
     "name": "stdout",
     "output_type": "stream",
     "text": [
      "j-nu= 2  not enough zeros to cover kmin, increasing by  1000  to 29000\n",
      "j-nu= 2  not enough zeros to cover kmin, increasing by  1000  to 30000\n",
      "j-nu= 2  not enough zeros to cover kmin, increasing by  1000  to 31000\n",
      "j-nu= 2  not enough zeros to cover kmin, increasing by  1000  to 32000\n",
      "j-nu= 2  not enough zeros to cover kmin, increasing by  1000  to 33000\n",
      "j-nu= 2  not enough zeros to cover kmin, increasing by  1000  to 34000\n",
      "j-nu= 2  not enough zeros to cover kmin, increasing by  1000  to 35000\n",
      "j-nu= 2  not enough zeros to cover kmin, increasing by  1000  to 36000\n",
      "j-nu= 2  not enough zeros to cover kmin, increasing by  1000  to 37000\n",
      "j-nu= 2  not enough zeros to cover kmin, increasing by  1000  to 38000\n",
      "j-nu= 2  not enough zeros to cover kmin, increasing by  1000  to 39000\n",
      "j-nu= 2  not enough zeros to cover kmin, increasing by  1000  to 40000\n",
      "j-nu= 2  not enough zeros to cover kmin, increasing by  1000  to 41000\n",
      "j-nu= 2  not enough zeros to cover kmin, increasing by  1000  to 42000\n",
      "j-nu= 2  not enough zeros to cover kmin, increasing by  1000  to 43000\n",
      "j-nu= 2  not enough zeros to cover kmin, increasing by  1000  to 44000\n",
      "j-nu= 2  not enough zeros to cover kmin, increasing by  1000  to 45000\n",
      "j-nu= 2  not enough zeros to cover kmin, increasing by  1000  to 46000\n",
      "j-nu= 2  not enough zeros to cover kmin, increasing by  1000  to 47000\n",
      "j-nu= 2  not enough zeros to cover kmin, increasing by  1000  to 48000\n",
      "j-nu= 2  not enough zeros to cover kmin, increasing by  1000  to 49000\n",
      "j-nu= 2  not enough zeros to cover kmin, increasing by  1000  to 50000\n",
      "j-nu= 2  not enough zeros to cover kmin, increasing by  1000  to 51000\n",
      "j-nu= 2  not enough zeros to cover kmin, increasing by  1000  to 52000\n",
      "j-nu= 2  not enough zeros to cover kmin, increasing by  1000  to 53000\n",
      "j-nu= 2  not enough zeros to cover kmin, increasing by  1000  to 54000\n",
      "j-nu= 2  not enough zeros to cover kmin, increasing by  1000  to 55000\n",
      "j-nu= 2  not enough zeros to cover kmin, increasing by  1000  to 56000\n",
      "j-nu= 2  not enough zeros to cover kmin, increasing by  1000  to 57000\n",
      "j-nu= 2  not enough zeros to cover kmin, increasing by  1000  to 58000\n",
      "j-nu= 2  not enough zeros to cover kmin, increasing by  1000  to 59000\n",
      "j-nu= 2  not enough zeros to cover kmin, increasing by  1000  to 60000\n",
      "j-nu= 2  not enough zeros to cover kmin, increasing by  1000  to 61000\n",
      "j-nu= 2  not enough zeros to cover kmin, increasing by  1000  to 62000\n",
      "nr: 1046\n"
     ]
    }
   ],
   "source": [
    "(cov_sdss, a, b) = cov.get_DeltaSigma_covs(params, rp_bin_edges, rp_bin_c, 'LOWZ', 'SDSS', 'apps_SDSS')"
   ]
  },
  {
   "cell_type": "code",
   "execution_count": 7,
   "metadata": {},
   "outputs": [
    {
     "name": "stdout",
     "output_type": "stream",
     "text": [
      "j-nu= 2  not enough zeros to cover kmin, increasing by  1000  to 29000\n",
      "j-nu= 2  not enough zeros to cover kmin, increasing by  1000  to 30000\n",
      "j-nu= 2  not enough zeros to cover kmin, increasing by  1000  to 31000\n",
      "j-nu= 2  not enough zeros to cover kmin, increasing by  1000  to 32000\n",
      "j-nu= 2  not enough zeros to cover kmin, increasing by  1000  to 33000\n",
      "j-nu= 2  not enough zeros to cover kmin, increasing by  1000  to 34000\n",
      "j-nu= 2  not enough zeros to cover kmin, increasing by  1000  to 35000\n",
      "j-nu= 2  not enough zeros to cover kmin, increasing by  1000  to 36000\n",
      "j-nu= 2  not enough zeros to cover kmin, increasing by  1000  to 37000\n",
      "j-nu= 2  not enough zeros to cover kmin, increasing by  1000  to 38000\n",
      "j-nu= 2  not enough zeros to cover kmin, increasing by  1000  to 39000\n",
      "j-nu= 2  not enough zeros to cover kmin, increasing by  1000  to 40000\n",
      "j-nu= 2  not enough zeros to cover kmin, increasing by  1000  to 41000\n",
      "j-nu= 2  not enough zeros to cover kmin, increasing by  1000  to 42000\n",
      "j-nu= 2  not enough zeros to cover kmin, increasing by  1000  to 43000\n",
      "j-nu= 2  not enough zeros to cover kmin, increasing by  1000  to 44000\n",
      "j-nu= 2  not enough zeros to cover kmin, increasing by  1000  to 45000\n",
      "j-nu= 2  not enough zeros to cover kmin, increasing by  1000  to 46000\n",
      "j-nu= 2  not enough zeros to cover kmin, increasing by  1000  to 47000\n",
      "j-nu= 2  not enough zeros to cover kmin, increasing by  1000  to 48000\n",
      "j-nu= 2  not enough zeros to cover kmin, increasing by  1000  to 49000\n",
      "j-nu= 2  not enough zeros to cover kmin, increasing by  1000  to 50000\n",
      "j-nu= 2  not enough zeros to cover kmin, increasing by  1000  to 51000\n",
      "j-nu= 2  not enough zeros to cover kmin, increasing by  1000  to 52000\n",
      "j-nu= 2  not enough zeros to cover kmin, increasing by  1000  to 53000\n",
      "j-nu= 2  not enough zeros to cover kmin, increasing by  1000  to 54000\n",
      "j-nu= 2  not enough zeros to cover kmin, increasing by  1000  to 55000\n",
      "j-nu= 2  not enough zeros to cover kmin, increasing by  1000  to 56000\n",
      "j-nu= 2  not enough zeros to cover kmin, increasing by  1000  to 57000\n",
      "j-nu= 2  not enough zeros to cover kmin, increasing by  1000  to 58000\n",
      "j-nu= 2  not enough zeros to cover kmin, increasing by  1000  to 59000\n",
      "j-nu= 2  not enough zeros to cover kmin, increasing by  1000  to 60000\n",
      "j-nu= 2  not enough zeros to cover kmin, increasing by  1000  to 61000\n",
      "j-nu= 2  not enough zeros to cover kmin, increasing by  1000  to 62000\n",
      "nr: 1046\n"
     ]
    }
   ],
   "source": [
    "(cov_LSST, a, b) = cov.get_DeltaSigma_covs(params, rp_bin_edges, rp_bin_c, 'DESI', 'LSST', 'apps_LSST')"
   ]
  },
  {
   "cell_type": "code",
   "execution_count": 8,
   "metadata": {},
   "outputs": [],
   "source": [
    "np.savetxt('./cov_sdss_20bins_max100.txt', cov_sdss)\n",
    "np.savetxt('./cov_LSST_20bins_max100.txt', cov_LSST)"
   ]
  },
  {
   "cell_type": "code",
   "execution_count": null,
   "metadata": {},
   "outputs": [],
   "source": [
    "#cov_sdss = np.loadtxt('cov_sdss_20bins_max100.txt')\n",
    "#cov_LSST = np.loadtxt('cov_LSST_20bins_max100.txt')"
   ]
  },
  {
   "cell_type": "code",
   "execution_count": 9,
   "metadata": {},
   "outputs": [
    {
     "name": "stdout",
     "output_type": "stream",
     "text": [
      "inv_cov= [[ 7.09594728e+00 -6.78919153e-01 -2.52683249e-01 -1.18615783e-01 -6.92286315e-02 -4.16158647e-02 -2.55961940e-02 -1.26283902e-02 -4.71107210e-03 -1.08187448e-03 -8.48788204e-05  2.42938181e-05 -5.49866514e-05  1.34682198e-04]\n",
      " [-6.78919153e-01  1.26968848e+01 -1.41276758e+00 -4.91911381e-01 -2.52117246e-01 -1.45314813e-01 -8.83389608e-02 -4.34571844e-02 -1.61890517e-02 -3.71880196e-03 -2.93145405e-04  8.23987198e-05 -1.84523692e-04  4.52070729e-04]\n",
      " [-2.52683249e-01 -1.41276758e+00  2.12185108e+01 -2.83118676e+00 -9.55794091e-01 -4.95312350e-01 -2.93964538e-01 -1.43721468e-01 -5.34337803e-02 -1.22717653e-02 -9.75821334e-04  2.65805961e-04 -5.84049250e-04  1.43098875e-03]\n",
      " [-1.18615783e-01 -4.91911381e-01 -2.83118676e+00  3.55894993e+01 -5.76576223e+00 -1.81853577e+00 -1.02139024e+00 -4.92477201e-01 -1.82442164e-01 -4.18587416e-02 -3.37577921e-03  8.70104054e-04 -1.85277331e-03  4.53745078e-03]\n",
      " [-6.92286315e-02 -2.52117246e-01 -9.55794091e-01 -5.76576223e+00  6.10216614e+01 -1.18266331e+01 -3.95341214e+00 -1.86913454e+00 -6.86073315e-01 -1.57066516e-01 -1.29718970e-02  3.03496305e-03 -6.11592844e-03  1.49215057e-02]\n",
      " [-4.16158647e-02 -1.45314813e-01 -4.95312350e-01 -1.81853577e+00 -1.18266331e+01  9.74858722e+01 -2.37722938e+01 -6.95391018e+00 -2.59043635e+00 -5.87545138e-01 -5.02132920e-02  1.00627290e-02 -1.86268604e-02  4.47074686e-02]\n",
      " [-2.55961940e-02 -8.83389608e-02 -2.93964538e-01 -1.02139024e+00 -3.95341214e+00 -2.37722938e+01  1.58172292e+02 -4.76091265e+01 -1.12198472e+01 -2.66587641e+00 -2.32614477e-01  3.68896344e-02 -6.14737043e-02  1.38618433e-01]\n",
      " [-1.26283902e-02 -4.34571844e-02 -1.43721468e-01 -4.92477201e-01 -1.86913454e+00 -6.95391018e+00 -4.76091265e+01  2.41466698e+02 -8.87981250e+01 -1.26270502e+01 -1.36494942e+00  1.54645583e-01 -2.24655196e-01  4.20857350e-01]\n",
      " [-4.71107210e-03 -1.61890517e-02 -5.34337803e-02 -1.82442164e-01 -6.86073315e-01 -2.59043635e+00 -1.12198472e+01 -8.87981250e+01  3.56119165e+02 -1.54149336e+02 -5.73878358e+00  2.75977824e-01 -9.60020491e-01  1.41437096e+00]\n",
      " [-1.08187448e-03 -3.71880196e-03 -1.22717653e-02 -4.18587416e-02 -1.57066516e-01 -5.87545138e-01 -2.66587641e+00 -1.26270502e+01 -1.54149336e+02  5.01143635e+02 -2.44423651e+02  1.68407325e+01 -6.48335293e+00  5.29043999e+00]\n",
      " [-8.48788203e-05 -2.93145405e-04 -9.75821334e-04 -3.37577921e-03 -1.29718970e-02 -5.02132920e-02 -2.32614477e-01 -1.36494942e+00 -5.73878358e+00 -2.44423651e+02  6.69874974e+02 -3.47120100e+02  3.73377584e+01  4.02298367e+00]\n",
      " [ 2.42938181e-05  8.23987198e-05  2.65805961e-04  8.70104054e-04  3.03496305e-03  1.00627290e-02  3.68896344e-02  1.54645583e-01  2.75977824e-01  1.68407325e+01 -3.47120100e+02  8.27846492e+02 -4.45592552e+02  8.46611136e+01]\n",
      " [-5.49866514e-05 -1.84523692e-04 -5.84049250e-04 -1.85277331e-03 -6.11592844e-03 -1.86268604e-02 -6.14737043e-02 -2.24655196e-01 -9.60020491e-01 -6.48335293e+00  3.73377584e+01 -4.45592552e+02  1.01076481e+03 -4.84707445e+02]\n",
      " [ 1.34682198e-04  4.52070729e-04  1.43098875e-03  4.53745078e-03  1.49215057e-02  4.47074686e-02  1.38618433e-01  4.20857350e-01  1.41437096e+00  5.29043999e+00  4.02298367e+00  8.46611136e+01 -4.84707445e+02  8.67479680e+02]]\n",
      "dvec_nl - dvec_lin= [ 3.68886077e+00  2.57559877e+00  1.67839382e+00  1.02305475e+00  5.81470238e-01  3.04620465e-01  1.42769647e-01  5.51709095e-02  1.27095681e-02 -4.22145453e-03 -8.20119837e-03 -6.78366100e-03 -3.79366436e-03 -1.53885514e-03]\n",
      "sum_terms= [[ 9.65594779e+01 -6.45042803e+00 -1.56445324e+00 -4.47644881e-01 -1.48492836e-01 -4.67638505e-02 -1.34804237e-02 -2.57010224e-03 -2.20873091e-04  1.68473368e-05  2.56784565e-06 -6.07928042e-07  7.69499677e-07 -7.64539976e-07]\n",
      " [-6.45042803e+00  8.42274396e+01 -6.10720926e+00 -1.29617595e+00 -3.77579367e-01 -1.14011110e-01 -3.24837665e-02 -6.17518449e-03 -5.29944530e-04  4.04336899e-05  6.19210935e-06 -1.43966952e-06  1.80297311e-06 -1.79177031e-06]\n",
      " [-1.56445324e+00 -6.10720926e+00  5.97726681e+01 -4.86139900e+00 -9.32793912e-01 -2.53239883e-01 -7.04408680e-02 -1.33083943e-02 -1.13983127e-03  8.69486868e-05  1.34320252e-05 -3.02637488e-06  3.71879507e-06 -3.69596482e-06]\n",
      " [-4.47644881e-01 -1.29617595e+00 -4.86139900e+00  3.72494302e+01 -3.42991294e+00 -5.66734697e-01 -1.49185449e-01 -2.77968223e-02 -2.37221957e-03  1.80778660e-04  2.83237158e-05 -6.03857141e-06  7.19084735e-06 -7.14345879e-06]\n",
      " [-1.48492836e-01 -3.77579367e-01 -9.32793912e-01 -3.42991294e+00  2.06318898e+01 -2.09482472e+00 -3.28197649e-01 -5.99622880e-02 -5.07024344e-03  3.85543350e-04  6.18597695e-05 -1.19714025e-05  1.34911444e-05 -1.33517404e-05]\n",
      " [-4.67638505e-02 -1.14011110e-01 -2.53239883e-01 -5.66734697e-01 -2.09482472e+00  9.04606772e+00 -1.03387028e+00 -1.16868723e-01 -1.00291193e-02  7.55548642e-04  1.25445500e-04 -2.07940455e-05  2.15257178e-05 -2.09573755e-05]\n",
      " [-1.34804237e-02 -3.24837665e-02 -7.04408680e-02 -1.49185449e-01 -3.28197649e-01 -1.03387028e+00  3.22405304e+00 -3.75004295e-01 -2.03588678e-02  1.60671191e-03  2.72364149e-04 -3.57276435e-05  3.32953951e-05 -3.04547197e-05]\n",
      " [-2.57010224e-03 -6.17518449e-03 -1.33083943e-02 -2.77968223e-02 -5.99622880e-02 -1.16868723e-01 -3.75004295e-01  7.34983400e-01 -6.22651061e-02  2.94085876e-03  6.17595350e-04 -5.78777714e-05  4.70203131e-05 -3.57308048e-05]\n",
      " [-2.20873091e-04 -5.29944530e-04 -1.13983127e-03 -2.37221957e-03 -5.07024344e-03 -1.00291193e-02 -2.03588678e-02 -6.22651061e-02  5.75250405e-02  8.27055334e-03  5.98174585e-04 -2.37940909e-05  4.62881903e-05 -2.76625278e-05]\n",
      " [ 1.68473368e-05  4.04336899e-05  8.69486868e-05  1.80778660e-04  3.85543350e-04  7.55548642e-04  1.60671191e-03  2.94085876e-03  8.27055334e-03  8.93071954e-03 -8.46218781e-03  4.82266651e-04 -1.03829481e-04  3.43677932e-05]\n",
      " [ 2.56784565e-06  6.19210935e-06  1.34320252e-05  2.83237158e-05  6.18597695e-05  1.25445500e-04  2.72364149e-04  6.17595350e-04  5.98174585e-04 -8.46218781e-03  4.50555594e-02 -1.93117315e-02  1.16167452e-03  5.07718893e-05]\n",
      " [-6.07928042e-07 -1.43966952e-06 -3.02637488e-06 -6.03857141e-06 -1.19714025e-05 -2.07940455e-05 -3.57276435e-05 -5.78777714e-05 -2.37940909e-05  4.82266651e-04 -1.93117315e-02  3.80958866e-02 -1.14672945e-02  8.83783424e-04]\n",
      " [ 7.69499677e-07  1.80297311e-06  3.71879507e-06  7.19084735e-06  1.34911444e-05  2.15257178e-05  3.32953951e-05  4.70203131e-05  4.62881903e-05 -1.03829481e-04  1.16167452e-03 -1.14672945e-02  1.45468153e-02 -2.82967354e-03]\n",
      " [-7.64539976e-07 -1.79177031e-06 -3.69596482e-06 -7.14345879e-06 -1.33517404e-05 -2.09573755e-05 -3.04547197e-05 -3.57308048e-05 -2.76625278e-05  3.43677932e-05  5.07718893e-05  8.83783424e-04 -2.82967354e-03  2.05425706e-03]]\n",
      "chi2= 249.51887086903912\n",
      "inds_max = (0, 0)\n",
      "sum_terms= [[ 8.42274396e+01 -6.10720926e+00 -1.29617595e+00 -3.77579367e-01 -1.14011110e-01 -3.24837665e-02 -6.17518449e-03 -5.29944530e-04  4.04336899e-05  6.19210935e-06 -1.43966952e-06  1.80297311e-06 -1.79177031e-06]\n",
      " [-6.10720926e+00  5.97726681e+01 -4.86139900e+00 -9.32793912e-01 -2.53239883e-01 -7.04408680e-02 -1.33083943e-02 -1.13983127e-03  8.69486868e-05  1.34320252e-05 -3.02637488e-06  3.71879507e-06 -3.69596482e-06]\n",
      " [-1.29617595e+00 -4.86139900e+00  3.72494302e+01 -3.42991294e+00 -5.66734697e-01 -1.49185449e-01 -2.77968223e-02 -2.37221957e-03  1.80778660e-04  2.83237158e-05 -6.03857141e-06  7.19084735e-06 -7.14345879e-06]\n",
      " [-3.77579367e-01 -9.32793912e-01 -3.42991294e+00  2.06318898e+01 -2.09482472e+00 -3.28197649e-01 -5.99622880e-02 -5.07024344e-03  3.85543350e-04  6.18597695e-05 -1.19714025e-05  1.34911444e-05 -1.33517404e-05]\n",
      " [-1.14011110e-01 -2.53239883e-01 -5.66734697e-01 -2.09482472e+00  9.04606772e+00 -1.03387028e+00 -1.16868723e-01 -1.00291193e-02  7.55548642e-04  1.25445500e-04 -2.07940455e-05  2.15257178e-05 -2.09573755e-05]\n",
      " [-3.24837665e-02 -7.04408680e-02 -1.49185449e-01 -3.28197649e-01 -1.03387028e+00  3.22405304e+00 -3.75004295e-01 -2.03588678e-02  1.60671191e-03  2.72364149e-04 -3.57276435e-05  3.32953951e-05 -3.04547197e-05]\n",
      " [-6.17518449e-03 -1.33083943e-02 -2.77968223e-02 -5.99622880e-02 -1.16868723e-01 -3.75004295e-01  7.34983400e-01 -6.22651061e-02  2.94085876e-03  6.17595350e-04 -5.78777714e-05  4.70203131e-05 -3.57308048e-05]\n",
      " [-5.29944530e-04 -1.13983127e-03 -2.37221957e-03 -5.07024344e-03 -1.00291193e-02 -2.03588678e-02 -6.22651061e-02  5.75250405e-02  8.27055334e-03  5.98174585e-04 -2.37940909e-05  4.62881903e-05 -2.76625278e-05]\n",
      " [ 4.04336899e-05  8.69486868e-05  1.80778660e-04  3.85543350e-04  7.55548642e-04  1.60671191e-03  2.94085876e-03  8.27055334e-03  8.93071954e-03 -8.46218781e-03  4.82266651e-04 -1.03829481e-04  3.43677932e-05]\n",
      " [ 6.19210935e-06  1.34320252e-05  2.83237158e-05  6.18597695e-05  1.25445500e-04  2.72364149e-04  6.17595350e-04  5.98174585e-04 -8.46218781e-03  4.50555594e-02 -1.93117315e-02  1.16167452e-03  5.07718893e-05]\n",
      " [-1.43966952e-06 -3.02637488e-06 -6.03857141e-06 -1.19714025e-05 -2.07940455e-05 -3.57276435e-05 -5.78777714e-05 -2.37940909e-05  4.82266651e-04 -1.93117315e-02  3.80958866e-02 -1.14672945e-02  8.83783424e-04]\n",
      " [ 1.80297311e-06  3.71879507e-06  7.19084735e-06  1.34911444e-05  2.15257178e-05  3.32953951e-05  4.70203131e-05  4.62881903e-05 -1.03829481e-04  1.16167452e-03 -1.14672945e-02  1.45468153e-02 -2.82967354e-03]\n",
      " [-1.79177031e-06 -3.69596482e-06 -7.14345879e-06 -1.33517404e-05 -2.09573755e-05 -3.04547197e-05 -3.57308048e-05 -2.76625278e-05  3.43677932e-05  5.07718893e-05  8.83783424e-04 -2.82967354e-03  2.05425706e-03]]\n",
      "chi2= 170.307463862203\n",
      "inds_max = (0, 0)\n",
      "sum_terms= [[ 5.97726681e+01 -4.86139900e+00 -9.32793912e-01 -2.53239883e-01 -7.04408680e-02 -1.33083943e-02 -1.13983127e-03  8.69486868e-05  1.34320252e-05 -3.02637488e-06  3.71879507e-06 -3.69596482e-06]\n",
      " [-4.86139900e+00  3.72494302e+01 -3.42991294e+00 -5.66734697e-01 -1.49185449e-01 -2.77968223e-02 -2.37221957e-03  1.80778660e-04  2.83237158e-05 -6.03857141e-06  7.19084735e-06 -7.14345879e-06]\n",
      " [-9.32793912e-01 -3.42991294e+00  2.06318898e+01 -2.09482472e+00 -3.28197649e-01 -5.99622880e-02 -5.07024344e-03  3.85543350e-04  6.18597695e-05 -1.19714025e-05  1.34911444e-05 -1.33517404e-05]\n",
      " [-2.53239883e-01 -5.66734697e-01 -2.09482472e+00  9.04606772e+00 -1.03387028e+00 -1.16868723e-01 -1.00291193e-02  7.55548642e-04  1.25445500e-04 -2.07940455e-05  2.15257178e-05 -2.09573755e-05]\n",
      " [-7.04408680e-02 -1.49185449e-01 -3.28197649e-01 -1.03387028e+00  3.22405304e+00 -3.75004295e-01 -2.03588678e-02  1.60671191e-03  2.72364149e-04 -3.57276435e-05  3.32953951e-05 -3.04547197e-05]\n",
      " [-1.33083943e-02 -2.77968223e-02 -5.99622880e-02 -1.16868723e-01 -3.75004295e-01  7.34983400e-01 -6.22651061e-02  2.94085876e-03  6.17595350e-04 -5.78777714e-05  4.70203131e-05 -3.57308048e-05]\n",
      " [-1.13983127e-03 -2.37221957e-03 -5.07024344e-03 -1.00291193e-02 -2.03588678e-02 -6.22651061e-02  5.75250405e-02  8.27055334e-03  5.98174585e-04 -2.37940909e-05  4.62881903e-05 -2.76625278e-05]\n",
      " [ 8.69486868e-05  1.80778660e-04  3.85543350e-04  7.55548642e-04  1.60671191e-03  2.94085876e-03  8.27055334e-03  8.93071954e-03 -8.46218781e-03  4.82266651e-04 -1.03829481e-04  3.43677932e-05]\n",
      " [ 1.34320252e-05  2.83237158e-05  6.18597695e-05  1.25445500e-04  2.72364149e-04  6.17595350e-04  5.98174585e-04 -8.46218781e-03  4.50555594e-02 -1.93117315e-02  1.16167452e-03  5.07718893e-05]\n",
      " [-3.02637488e-06 -6.03857141e-06 -1.19714025e-05 -2.07940455e-05 -3.57276435e-05 -5.78777714e-05 -2.37940909e-05  4.82266651e-04 -1.93117315e-02  3.80958866e-02 -1.14672945e-02  8.83783424e-04]\n",
      " [ 3.71879507e-06  7.19084735e-06  1.34911444e-05  2.15257178e-05  3.32953951e-05  4.70203131e-05  4.62881903e-05 -1.03829481e-04  1.16167452e-03 -1.14672945e-02  1.45468153e-02 -2.82967354e-03]\n",
      " [-3.69596482e-06 -7.14345879e-06 -1.33517404e-05 -2.09573755e-05 -3.04547197e-05 -3.57308048e-05 -2.76625278e-05  3.43677932e-05  5.07718893e-05  8.83783424e-04 -2.82967354e-03  2.05425706e-03]]\n",
      "chi2= 101.94826307179785\n",
      "inds_max = (0, 0)\n",
      "sum_terms= [[ 3.72494302e+01 -3.42991294e+00 -5.66734697e-01 -1.49185449e-01 -2.77968223e-02 -2.37221957e-03  1.80778660e-04  2.83237158e-05 -6.03857141e-06  7.19084735e-06 -7.14345879e-06]\n",
      " [-3.42991294e+00  2.06318898e+01 -2.09482472e+00 -3.28197649e-01 -5.99622880e-02 -5.07024344e-03  3.85543350e-04  6.18597695e-05 -1.19714025e-05  1.34911444e-05 -1.33517404e-05]\n",
      " [-5.66734697e-01 -2.09482472e+00  9.04606772e+00 -1.03387028e+00 -1.16868723e-01 -1.00291193e-02  7.55548642e-04  1.25445500e-04 -2.07940455e-05  2.15257178e-05 -2.09573755e-05]\n",
      " [-1.49185449e-01 -3.28197649e-01 -1.03387028e+00  3.22405304e+00 -3.75004295e-01 -2.03588678e-02  1.60671191e-03  2.72364149e-04 -3.57276435e-05  3.32953951e-05 -3.04547197e-05]\n",
      " [-2.77968223e-02 -5.99622880e-02 -1.16868723e-01 -3.75004295e-01  7.34983400e-01 -6.22651061e-02  2.94085876e-03  6.17595350e-04 -5.78777714e-05  4.70203131e-05 -3.57308048e-05]\n",
      " [-2.37221957e-03 -5.07024344e-03 -1.00291193e-02 -2.03588678e-02 -6.22651061e-02  5.75250405e-02  8.27055334e-03  5.98174585e-04 -2.37940909e-05  4.62881903e-05 -2.76625278e-05]\n",
      " [ 1.80778660e-04  3.85543350e-04  7.55548642e-04  1.60671191e-03  2.94085876e-03  8.27055334e-03  8.93071954e-03 -8.46218781e-03  4.82266651e-04 -1.03829481e-04  3.43677932e-05]\n",
      " [ 2.83237158e-05  6.18597695e-05  1.25445500e-04  2.72364149e-04  6.17595350e-04  5.98174585e-04 -8.46218781e-03  4.50555594e-02 -1.93117315e-02  1.16167452e-03  5.07718893e-05]\n",
      " [-6.03857141e-06 -1.19714025e-05 -2.07940455e-05 -3.57276435e-05 -5.78777714e-05 -2.37940909e-05  4.82266651e-04 -1.93117315e-02  3.80958866e-02 -1.14672945e-02  8.83783424e-04]\n",
      " [ 7.19084735e-06  1.34911444e-05  2.15257178e-05  3.32953951e-05  4.70203131e-05  4.62881903e-05 -1.03829481e-04  1.16167452e-03 -1.14672945e-02  1.45468153e-02 -2.82967354e-03]\n",
      " [-7.14345879e-06 -1.33517404e-05 -2.09573755e-05 -3.04547197e-05 -3.57308048e-05 -2.76625278e-05  3.43677932e-05  5.07718893e-05  8.83783424e-04 -2.82967354e-03  2.05425706e-03]]\n",
      "chi2= 54.44004402836182\n",
      "inds_max = (0, 0)\n",
      "sum_terms= [[ 2.06318898e+01 -2.09482472e+00 -3.28197649e-01 -5.99622880e-02 -5.07024344e-03  3.85543350e-04  6.18597695e-05 -1.19714025e-05  1.34911444e-05 -1.33517404e-05]\n",
      " [-2.09482472e+00  9.04606772e+00 -1.03387028e+00 -1.16868723e-01 -1.00291193e-02  7.55548642e-04  1.25445500e-04 -2.07940455e-05  2.15257178e-05 -2.09573755e-05]\n",
      " [-3.28197649e-01 -1.03387028e+00  3.22405304e+00 -3.75004295e-01 -2.03588678e-02  1.60671191e-03  2.72364149e-04 -3.57276435e-05  3.32953951e-05 -3.04547197e-05]\n",
      " [-5.99622880e-02 -1.16868723e-01 -3.75004295e-01  7.34983400e-01 -6.22651061e-02  2.94085876e-03  6.17595350e-04 -5.78777714e-05  4.70203131e-05 -3.57308048e-05]\n",
      " [-5.07024344e-03 -1.00291193e-02 -2.03588678e-02 -6.22651061e-02  5.75250405e-02  8.27055334e-03  5.98174585e-04 -2.37940909e-05  4.62881903e-05 -2.76625278e-05]\n",
      " [ 3.85543350e-04  7.55548642e-04  1.60671191e-03  2.94085876e-03  8.27055334e-03  8.93071954e-03 -8.46218781e-03  4.82266651e-04 -1.03829481e-04  3.43677932e-05]\n",
      " [ 6.18597695e-05  1.25445500e-04  2.72364149e-04  6.17595350e-04  5.98174585e-04 -8.46218781e-03  4.50555594e-02 -1.93117315e-02  1.16167452e-03  5.07718893e-05]\n",
      " [-1.19714025e-05 -2.07940455e-05 -3.57276435e-05 -5.78777714e-05 -2.37940909e-05  4.82266651e-04 -1.93117315e-02  3.80958866e-02 -1.14672945e-02  8.83783424e-04]\n",
      " [ 1.34911444e-05  2.15257178e-05  3.32953951e-05  4.70203131e-05  4.62881903e-05 -1.03829481e-04  1.16167452e-03 -1.14672945e-02  1.45468153e-02 -2.82967354e-03]\n",
      " [-1.33517404e-05 -2.09573755e-05 -3.04547197e-05 -3.57308048e-05 -2.76625278e-05  3.43677932e-05  5.07718893e-05  8.83783424e-04 -2.82967354e-03  2.05425706e-03]]\n",
      "chi2= 25.54221183247945\n",
      "inds_max = (0, 0)\n",
      "sum_terms= [[ 9.04606772e+00 -1.03387028e+00 -1.16868723e-01 -1.00291193e-02  7.55548642e-04  1.25445500e-04 -2.07940455e-05  2.15257178e-05 -2.09573755e-05]\n",
      " [-1.03387028e+00  3.22405304e+00 -3.75004295e-01 -2.03588678e-02  1.60671191e-03  2.72364149e-04 -3.57276435e-05  3.32953951e-05 -3.04547197e-05]\n",
      " [-1.16868723e-01 -3.75004295e-01  7.34983400e-01 -6.22651061e-02  2.94085876e-03  6.17595350e-04 -5.78777714e-05  4.70203131e-05 -3.57308048e-05]\n",
      " [-1.00291193e-02 -2.03588678e-02 -6.22651061e-02  5.75250405e-02  8.27055334e-03  5.98174585e-04 -2.37940909e-05  4.62881903e-05 -2.76625278e-05]\n",
      " [ 7.55548642e-04  1.60671191e-03  2.94085876e-03  8.27055334e-03  8.93071954e-03 -8.46218781e-03  4.82266651e-04 -1.03829481e-04  3.43677932e-05]\n",
      " [ 1.25445500e-04  2.72364149e-04  6.17595350e-04  5.98174585e-04 -8.46218781e-03  4.50555594e-02 -1.93117315e-02  1.16167452e-03  5.07718893e-05]\n",
      " [-2.07940455e-05 -3.57276435e-05 -5.78777714e-05 -2.37940909e-05  4.82266651e-04 -1.93117315e-02  3.80958866e-02 -1.14672945e-02  8.83783424e-04]\n",
      " [ 2.15257178e-05  3.32953951e-05  4.70203131e-05  4.62881903e-05 -1.03829481e-04  1.16167452e-03 -1.14672945e-02  1.45468153e-02 -2.82967354e-03]\n",
      " [-2.09573755e-05 -3.04547197e-05 -3.57308048e-05 -2.76625278e-05  3.43677932e-05  5.07718893e-05  8.83783424e-04 -2.82967354e-03  2.05425706e-03]]\n",
      "chi2= 9.885560723826718\n",
      "inds_max = (0, 0)\n",
      "sum_terms= [[ 3.22405304e+00 -3.75004295e-01 -2.03588678e-02  1.60671191e-03  2.72364149e-04 -3.57276435e-05  3.32953951e-05 -3.04547197e-05]\n",
      " [-3.75004295e-01  7.34983400e-01 -6.22651061e-02  2.94085876e-03  6.17595350e-04 -5.78777714e-05  4.70203131e-05 -3.57308048e-05]\n",
      " [-2.03588678e-02 -6.22651061e-02  5.75250405e-02  8.27055334e-03  5.98174585e-04 -2.37940909e-05  4.62881903e-05 -2.76625278e-05]\n",
      " [ 1.60671191e-03  2.94085876e-03  8.27055334e-03  8.93071954e-03 -8.46218781e-03  4.82266651e-04 -1.03829481e-04  3.43677932e-05]\n",
      " [ 2.72364149e-04  6.17595350e-04  5.98174585e-04 -8.46218781e-03  4.50555594e-02 -1.93117315e-02  1.16167452e-03  5.07718893e-05]\n",
      " [-3.57276435e-05 -5.78777714e-05 -2.37940909e-05  4.82266651e-04 -1.93117315e-02  3.80958866e-02 -1.14672945e-02  8.83783424e-04]\n",
      " [ 3.32953951e-05  4.70203131e-05  4.62881903e-05 -1.03829481e-04  1.16167452e-03 -1.14672945e-02  1.45468153e-02 -2.82967354e-03]\n",
      " [-3.04547197e-05 -3.57308048e-05 -2.76625278e-05  3.43677932e-05  5.07718893e-05  8.83783424e-04 -2.82967354e-03  2.05425706e-03]]\n",
      "chi2= 3.1593077002073766\n",
      "inds_max = (0, 0)\n",
      "sum_terms= [[ 7.34983400e-01 -6.22651061e-02  2.94085876e-03  6.17595350e-04 -5.78777714e-05  4.70203131e-05 -3.57308048e-05]\n",
      " [-6.22651061e-02  5.75250405e-02  8.27055334e-03  5.98174585e-04 -2.37940909e-05  4.62881903e-05 -2.76625278e-05]\n",
      " [ 2.94085876e-03  8.27055334e-03  8.93071954e-03 -8.46218781e-03  4.82266651e-04 -1.03829481e-04  3.43677932e-05]\n",
      " [ 6.17595350e-04  5.98174585e-04 -8.46218781e-03  4.50555594e-02 -1.93117315e-02  1.16167452e-03  5.07718893e-05]\n",
      " [-5.78777714e-05 -2.37940909e-05  4.82266651e-04 -1.93117315e-02  3.80958866e-02 -1.14672945e-02  8.83783424e-04]\n",
      " [ 4.70203131e-05  4.62881903e-05 -1.03829481e-04  1.16167452e-03 -1.14672945e-02  1.45468153e-02 -2.82967354e-03]\n",
      " [-3.57308048e-05 -2.76625278e-05  3.43677932e-05  5.07718893e-05  8.83783424e-04 -2.82967354e-03  2.05425706e-03]]\n",
      "chi2= 0.72228861218174\n",
      "sdss done\n",
      "inv_cov= [[ 1.55665078e+03 -2.06208532e+02 -8.11339186e+01 -4.08885271e+01 -2.30747595e+01 -1.16038598e+01 -4.82229414e+00 -8.98502532e-01  2.33446375e-01  1.54854670e-01  1.87110848e-02  1.64700958e-03 -2.96954133e-03  5.23617511e-03]\n",
      " [-2.06208532e+02  2.73176862e+03 -4.36915703e+02 -1.63528588e+02 -8.37942660e+01 -4.08533470e+01 -1.69050288e+01 -3.21843560e+00  7.61649765e-01  5.24960962e-01  6.37915498e-02  5.51547156e-03 -9.81410318e-03  1.73733085e-02]\n",
      " [-8.11339186e+01 -4.36915703e+02  4.44257690e+03 -8.95717128e+02 -3.16047120e+02 -1.42848250e+02 -5.84849523e+01 -1.15096914e+01  2.30483716e+00  1.71258266e+00  2.09919859e-01  1.76535064e-02 -3.06189564e-02  5.45588969e-02]\n",
      " [-4.08885271e+01 -1.63528588e+02 -8.95717128e+02  7.16016403e+03 -1.84988201e+03 -5.42266618e+02 -2.17293868e+02 -4.47625409e+01  6.59152858e+00  5.72964796e+00  7.13167017e-01  5.71034743e-02 -9.47132491e-02  1.70759415e-01]\n",
      " [-2.30747595e+01 -8.37942660e+01 -3.16047120e+02 -1.84988201e+03  1.15542683e+04 -3.72084426e+03 -9.23841916e+02 -2.09997601e+02  1.58702420e+01  2.07192403e+01  2.66463372e+00  1.94596151e-01 -2.98088042e-01  5.48958396e-01]\n",
      " [-1.16038598e+01 -4.08533470e+01 -1.42848250e+02 -5.42266618e+02 -3.72084426e+03  1.71836883e+04 -6.97501563e+03 -9.42983567e+02 -1.13417063e+01  7.32006087e+01  9.71985355e+00  6.55704513e-01 -8.41055065e-01  1.58497226e+00]\n",
      " [-4.82229414e+00 -1.69050288e+01 -5.84849523e+01 -2.17293868e+02 -9.23841916e+02 -6.97501563e+03  2.51365790e+04 -1.22319661e+04 -1.89537875e+02  2.35239517e+02  5.00342279e+01  8.44712932e-01 -2.06530038e+00  4.56251915e+00]\n",
      " [-8.98502532e-01 -3.21843560e+00 -1.15096914e+01 -4.47625409e+01 -2.09997601e+02 -9.42983567e+02 -1.22319661e+04  3.40035198e+04 -1.89128463e+04  2.06974373e+03  4.23756369e+01  4.49647452e+01 -1.66238716e+01  1.54699826e+01]\n",
      " [ 2.33446375e-01  7.61649765e-01  2.30483716e+00  6.59152858e+00  1.58702420e+01 -1.13417063e+01 -1.89537875e+02 -1.89128463e+04  4.27502466e+04 -2.56868370e+04  5.37009938e+03 -7.98862937e+02  1.65735242e+02  3.37201787e+00]\n",
      " [ 1.54854670e-01  5.24960962e-01  1.71258266e+00  5.72964796e+00  2.07192403e+01  7.32006087e+01  2.35239517e+02  2.06974373e+03 -2.56868370e+04  4.87637529e+04 -3.02148874e+04  8.41460131e+03 -2.11983191e+03  6.29088262e+02]\n",
      " [ 1.87110848e-02  6.37915498e-02  2.09919859e-01  7.13167017e-01  2.66463372e+00  9.71985355e+00  5.00342279e+01  4.23756369e+01  5.37009938e+03 -3.02148874e+04  4.99634168e+04 -3.03620790e+04  8.54610381e+03 -1.48276529e+03]\n",
      " [ 1.64700958e-03  5.51547156e-03  1.76535064e-02  5.71034742e-02  1.94596151e-01  6.55704513e-01  8.44712932e-01  4.49647452e+01 -7.98862937e+02  8.41460131e+03 -3.03620790e+04  4.55413343e+04 -2.71154305e+04  7.45090767e+03]\n",
      " [-2.96954133e-03 -9.81410318e-03 -3.06189564e-02 -9.47132490e-02 -2.98088042e-01 -8.41055065e-01 -2.06530038e+00 -1.66238716e+01  1.65735242e+02 -2.11983191e+03  8.54610381e+03 -2.71154305e+04  4.05197155e+04 -1.97259571e+04]\n",
      " [ 5.23617511e-03  1.73733085e-02  5.45588969e-02  1.70759415e-01  5.48958396e-01  1.58497226e+00  4.56251915e+00  1.54699826e+01  3.37201787e+00  6.29088262e+02 -1.48276529e+03  7.45090767e+03 -1.97259571e+04  2.34378723e+04]]\n",
      "dvec_nl - dvec_lin= [ 1.59477557e+00  1.09548534e+00  7.08706927e-01  4.31158109e-01  2.45363098e-01  1.28982923e-01  6.09025375e-02  2.41086818e-02  6.29323834e-03 -9.23612292e-04 -2.85466581e-03 -2.53557097e-03 -1.40699208e-03 -5.32313951e-04]\n",
      "sum_terms= [[ 3.95904410e+03 -3.60257285e+02 -9.16998663e+01 -2.81149683e+01 -9.02913200e+00 -2.38690019e+00 -4.68369555e-01 -3.45455685e-02  2.34293849e-03 -2.28093854e-04 -8.51831732e-05 -6.65995769e-06  6.66316551e-06 -4.44510049e-06]\n",
      " [-3.60257285e+02  3.27836307e+03 -3.39211759e+02 -7.72390305e+01 -2.25232012e+01 -5.77253301e+00 -1.12786695e+00 -8.50011610e-02  5.25092796e-03 -5.31157455e-04 -1.99491775e-04 -1.53202196e-05  1.51268619e-05 -1.01311081e-05]\n",
      " [-9.16998663e+01 -3.39211759e+02  2.23135314e+03 -2.73699570e+02 -5.49576003e+01 -1.30579144e+01 -2.52433044e+00 -1.96654470e-01  1.02797157e-02 -1.12100597e-03 -4.24693366e-04 -3.17229399e-05  3.05315403e-05 -2.05825940e-05]\n",
      " [-2.81149683e+01 -7.72390305e+01 -2.73699570e+02  1.33105527e+03 -1.95699554e+02 -3.01565492e+01 -5.70583774e+00 -4.65291110e-01  1.78853267e-02 -2.28167720e-03 -8.77774746e-04 -6.24273446e-05  5.74564709e-05 -3.91912454e-05]\n",
      " [-9.02913200e+00 -2.25232012e+01 -5.49576003e+01 -1.95699554e+02  6.95602190e+02 -1.17755975e+02 -1.38051871e+01 -1.24221579e+00  2.45056923e-02 -4.69540197e-03 -1.86638845e-03 -1.21065183e-04  1.02907127e-04 -7.16995660e-05]\n",
      " [-2.38690019e+00 -5.77253301e+00 -1.30579144e+01 -3.01565492e+01 -1.17755975e+02  2.85878052e+02 -5.47914492e+01 -2.93230948e+00 -9.20629299e-03 -8.72040411e-03 -3.57888059e-03 -2.14445116e-04  1.52632950e-04 -1.08823259e-04]\n",
      " [-4.68369555e-01 -1.12786695e+00 -2.52433044e+00 -5.70583774e+00 -1.38051871e+01 -5.47914492e+01  9.32345647e+01 -1.79599499e+01 -7.26449744e-02 -1.32323010e-02 -8.69877030e-03 -1.30442857e-04  1.76974325e-04 -1.47913542e-04]\n",
      " [-3.45455685e-02 -8.50011610e-02 -1.96654470e-01 -4.65291110e-01 -1.24221579e+00 -2.93230948e+00 -1.79599499e+01  1.97638161e+01 -2.86948883e+00 -4.60871385e-02 -2.91638581e-03 -2.74866222e-03  5.63893769e-04 -1.98532284e-04]\n",
      " [ 2.34293849e-03  5.25092796e-03  1.02797157e-02  1.78853267e-02  2.45056923e-02 -9.20629299e-03 -7.26449744e-02 -2.86948883e+00  1.69311705e+00  1.49305056e-01 -9.64743311e-02  1.27474179e-02 -1.46750875e-03 -1.12961876e-05]\n",
      " [-2.28093854e-04 -5.31157455e-04 -1.12100597e-03 -2.28167720e-03 -4.69540197e-03 -8.72040411e-03 -1.32323010e-02 -4.60871385e-02  1.49305056e-01  4.15983907e-02 -7.96647059e-02  1.97060245e-02 -2.75475375e-03  3.09292319e-04]\n",
      " [-8.51831732e-05 -1.99491775e-04 -4.24693366e-04 -8.77774746e-04 -1.86638845e-03 -3.57888059e-03 -8.69877030e-03 -2.91638581e-03 -9.64743311e-02 -7.96647059e-02  4.07157723e-01 -2.19767036e-01  3.43253592e-02 -2.25317816e-03]\n",
      " [-6.65995769e-06 -1.53202196e-05 -3.17229399e-05 -6.24273446e-05 -1.21065183e-04 -2.14445116e-04 -1.30442857e-04 -2.74866222e-03  1.27474179e-02  1.97060245e-02 -2.19767036e-01  2.92790711e-01 -9.67350653e-02  1.00566376e-02]\n",
      " [ 6.66316551e-06  1.51268619e-05  3.05315403e-05  5.74564709e-05  1.02907127e-04  1.52632950e-04  1.76974325e-04  5.63893769e-04 -1.46750875e-03 -2.75475375e-03  3.43253592e-02 -9.67350653e-02  8.02139115e-02 -1.47739827e-02]\n",
      " [-4.44510049e-06 -1.01311081e-05 -2.05825940e-05 -3.91912454e-05 -7.16995660e-05 -1.08823259e-04 -1.47913542e-04 -1.98532284e-04 -1.12961876e-05  3.09292319e-04 -2.25317816e-03  1.00566376e-02 -1.47739827e-02  6.64131195e-03]]\n",
      "chi2= 8444.460233054517\n",
      "inds_max = (0, 0)\n",
      "sum_terms= [[ 3.27836307e+03 -3.39211759e+02 -7.72390305e+01 -2.25232012e+01 -5.77253301e+00 -1.12786695e+00 -8.50011610e-02  5.25092796e-03 -5.31157455e-04 -1.99491775e-04 -1.53202196e-05  1.51268619e-05 -1.01311081e-05]\n",
      " [-3.39211759e+02  2.23135314e+03 -2.73699570e+02 -5.49576003e+01 -1.30579144e+01 -2.52433044e+00 -1.96654470e-01  1.02797157e-02 -1.12100597e-03 -4.24693366e-04 -3.17229399e-05  3.05315403e-05 -2.05825940e-05]\n",
      " [-7.72390305e+01 -2.73699570e+02  1.33105527e+03 -1.95699554e+02 -3.01565492e+01 -5.70583774e+00 -4.65291110e-01  1.78853267e-02 -2.28167720e-03 -8.77774746e-04 -6.24273446e-05  5.74564709e-05 -3.91912454e-05]\n",
      " [-2.25232012e+01 -5.49576003e+01 -1.95699554e+02  6.95602190e+02 -1.17755975e+02 -1.38051871e+01 -1.24221579e+00  2.45056923e-02 -4.69540197e-03 -1.86638845e-03 -1.21065183e-04  1.02907127e-04 -7.16995660e-05]\n",
      " [-5.77253301e+00 -1.30579144e+01 -3.01565492e+01 -1.17755975e+02  2.85878052e+02 -5.47914492e+01 -2.93230948e+00 -9.20629299e-03 -8.72040411e-03 -3.57888059e-03 -2.14445116e-04  1.52632950e-04 -1.08823259e-04]\n",
      " [-1.12786695e+00 -2.52433044e+00 -5.70583774e+00 -1.38051871e+01 -5.47914492e+01  9.32345647e+01 -1.79599499e+01 -7.26449744e-02 -1.32323010e-02 -8.69877030e-03 -1.30442857e-04  1.76974325e-04 -1.47913542e-04]\n",
      " [-8.50011610e-02 -1.96654470e-01 -4.65291110e-01 -1.24221579e+00 -2.93230948e+00 -1.79599499e+01  1.97638161e+01 -2.86948883e+00 -4.60871385e-02 -2.91638581e-03 -2.74866222e-03  5.63893769e-04 -1.98532284e-04]\n",
      " [ 5.25092796e-03  1.02797157e-02  1.78853267e-02  2.45056923e-02 -9.20629299e-03 -7.26449744e-02 -2.86948883e+00  1.69311705e+00  1.49305056e-01 -9.64743311e-02  1.27474179e-02 -1.46750875e-03 -1.12961876e-05]\n",
      " [-5.31157455e-04 -1.12100597e-03 -2.28167720e-03 -4.69540197e-03 -8.72040411e-03 -1.32323010e-02 -4.60871385e-02  1.49305056e-01  4.15983907e-02 -7.96647059e-02  1.97060245e-02 -2.75475375e-03  3.09292319e-04]\n",
      " [-1.99491775e-04 -4.24693366e-04 -8.77774746e-04 -1.86638845e-03 -3.57888059e-03 -8.69877030e-03 -2.91638581e-03 -9.64743311e-02 -7.96647059e-02  4.07157723e-01 -2.19767036e-01  3.43253592e-02 -2.25317816e-03]\n",
      " [-1.53202196e-05 -3.17229399e-05 -6.24273446e-05 -1.21065183e-04 -2.14445116e-04 -1.30442857e-04 -2.74866222e-03  1.27474179e-02  1.97060245e-02 -2.19767036e-01  2.92790711e-01 -9.67350653e-02  1.00566376e-02]\n",
      " [ 1.51268619e-05  3.05315403e-05  5.74564709e-05  1.02907127e-04  1.52632950e-04  1.76974325e-04  5.63893769e-04 -1.46750875e-03 -2.75475375e-03  3.43253592e-02 -9.67350653e-02  8.02139115e-02 -1.47739827e-02]\n",
      " [-1.01311081e-05 -2.05825940e-05 -3.91912454e-05 -7.16995660e-05 -1.08823259e-04 -1.47913542e-04 -1.98532284e-04 -1.12961876e-05  3.09292319e-04 -2.25317816e-03  1.00566376e-02 -1.47739827e-02  6.64131195e-03]]\n",
      "chi2= 5469.394217560772\n",
      "inds_max = (0, 0)\n",
      "sum_terms= [[ 2.23135314e+03 -2.73699570e+02 -5.49576003e+01 -1.30579144e+01 -2.52433044e+00 -1.96654470e-01  1.02797157e-02 -1.12100597e-03 -4.24693366e-04 -3.17229399e-05  3.05315403e-05 -2.05825940e-05]\n",
      " [-2.73699570e+02  1.33105527e+03 -1.95699554e+02 -3.01565492e+01 -5.70583774e+00 -4.65291110e-01  1.78853267e-02 -2.28167720e-03 -8.77774746e-04 -6.24273446e-05  5.74564709e-05 -3.91912454e-05]\n",
