1.658296893854221271e-02 -1.300895052286312912e-03 -3.159697218640691537e-04 -9.849074106116043504e-05 -3.268013614744176901e-05 -3.316036694095293166e-05 -7.404620519148819252e-05 -1.853669353536808887e-04 -4.442055295607043493e-04 -7.837388149404145993e-04
-1.300895052286312912e-03 3.640976204026423121e-03 -6.856207343917650231e-04 -2.187882895504981680e-04 -8.457603296092855373e-05 -2.926664967847409141e-05 -7.112587208187873246e-06 1.052424486324992530e-06 3.762619257480174994e-06 3.894187356563704029e-06
-3.159697218640691537e-04 -6.856207343917650231e-04 1.845508782901936467e-03 1.447614166963924031e-04 5.640024665053510166e-05 3.258515746019709653e-05 1.866511209666686403e-05 1.135678286509298753e-05 9.569097342930729428e-06 8.237917617149551498e-06
-9.849074106116043504e-05 -2.187882895504981680e-04 1.447614166963924031e-04 4.287609437538635049e-04 4.341006425345498660e-05 2.136019726958634268e-05 1.492967277954264150e-05 1.052189634105367496e-05 9.083858383516846678e-06 7.828388048443535392e-06
-3.268013614744176901e-05 -8.457603296092855373e-05 5.640024665053510166e-05 4.341006425345498660e-05 1.708413846167739219e-04 2.629719723767606063e-05 1.603726674284211467e-05 1.204237420936557607e-05 9.824777221445286701e-06 7.642582734233448785e-06
-3.316036694095293166e-05 -2.926664967847409141e-05 3.258515746019709653e-05 2.136019726958634268e-05 2.629719723767606063e-05 9.396423694326837446e-05 2.438171884491559859e-05 1.616452788919217043e-05 1.288239811866958871e-05 9.593186359955437994e-06
-7.404620519148819252e-05 -7.112587208187873246e-06 1.866511209666686403e-05 1.492967277954264150e-05 1.603726674284211467e-05 2.438171884491559859e-05 6.986161518353150397e-05 2.871068033181959177e-05 1.896607521042241793e-05 1.378801214501648439e-05
-1.853669353536808887e-04 1.052424486324992530e-06 1.135678286509298753e-05 1.052189634105367496e-05 1.204237420936557607e-05 1.616452788919217043e-05 2.871068033181959177e-05 6.906700340468177731e-05 3.939673995964889318e-05 2.530546284473827022e-05
-4.442055295607043493e-04 3.762619257480174994e-06 9.569097342930729428e-06 9.083858383516846678e-06 9.824777221445286701e-06 1.288239811866958871e-05 1.896607521042241793e-05 3.939673995964889318e-05 8.849523949738072077e-05 5.942488261085646323e-05
-7.837388149404145993e-04 3.894187356563704029e-06 8.237917617149551498e-06 7.828388048443535392e-06 7.642582734233448785e-06 9.593186359955437994e-06 1.378801214501648439e-05 2.530546284473827022e-05 5.942488261085646323e-05 1.348846312176651778e-04
