5.013809225188208263e-01 3.833239603764033564e-03 6.584297309252790283e-03 6.459698576051480651e-03 5.969494058676159086e-03 6.075156946002515865e-03 5.510338433192599021e-03 5.392176992898032283e-03 5.521462212754396116e-03 5.490730980430863321e-03 5.045233587559113005e-03 4.235639881776931230e-03 2.054092272042811872e-03 -2.331276846206184299e-03 -9.016496197823534176e-03
3.833239603764033564e-03 7.873848631205241852e-03 -5.508653892785294335e-04 1.848958951381816202e-04 4.052575644153917156e-04 5.402269936600716379e-04 5.168285898988919875e-04 5.356324027139986203e-04 5.774673851359913689e-04 6.012745007295131408e-04 5.742910175922932847e-04 5.474017049062877317e-04 4.546416476429642546e-04 3.627671915440534097e-04 2.228622491622797791e-04
6.584297309252790283e-03 -5.508653892785294335e-04 5.378620024071038321e-03 1.032526959145771243e-03 7.635020519749371537e-04 6.906181332869545464e-04 5.868163943317806488e-04 5.559326433252466740e-04 5.623712021099880201e-04 5.590583478686045544e-04 5.290395390037254701e-04 5.052889299341414148e-04 4.300019180717711172e-04 3.623720568317057565e-04 2.661346775158300701e-04
6.459698576051480651e-03 1.848958951381816202e-04 1.032526959145771243e-03 1.609687731132657942e-03 6.098871857218884267e-04 5.546080831555712416e-04 4.847004728295605165e-04 4.619185008321423781e-04 4.714401389366779712e-04 4.709948078253959019e-04 4.478563996099729902e-04 4.236563154362266289e-04 3.585780888809647843e-04 3.024868128870335953e-04 2.149466016067487506e-04
5.969494058676159086e-03 4.052575644153917156e-04 7.635020519749371537e-04 6.098871857218884267e-04 8.933707137516220349e-04 4.957734261345289476e-04 4.258817917983511391e-04 4.090224449044119106e-04 4.183400070316934337e-04 4.184687397640612797e-04 3.973853274681121879e-04 3.768997478997594686e-04 3.179158731697061843e-04 2.651458767228255737e-04 1.854752418519933701e-04
6.075156946002515865e-03 5.402269936600716379e-04 6.906181332869545464e-04 5.546080831555712416e-04 4.957734261345289476e-04 6.665036084549191917e-04 4.304559848361483938e-04 4.079950121612659986e-04 4.158031757144532042e-04 4.156239413109382688e-04 3.940721200090078081e-04 3.733858610273238249e-04 3.170377496662043788e-04 2.656206798755282659e-04 1.900049246797629000e-04
5.510338433192599021e-03 5.168285898988919875e-04 5.868163943317806488e-04 4.847004728295605165e-04 4.258817917983511391e-04 4.304559848361483938e-04 4.901522830790317788e-04 3.730078023745897996e-04 3.766097113075215358e-04 3.763262780409240668e-04 3.559797341672024293e-04 3.366042671193941000e-04 2.824362704891943609e-04 2.346019910302009630e-04 1.607874110711085395e-04
5.392176992898032283e-03 5.356324027139986203e-04 5.559326433252466740e-04 4.619185008321423781e-04 4.090224449044119106e-04 4.079950121612659986e-04 3.730078023745897996e-04 4.341188396937156486e-04 3.781624138938877795e-04 3.731456549498084912e-04 3.521810425927460837e-04 3.324428708908997191e-04 2.794428731634309620e-04 2.305502229301798704e-04 1.561204187832812627e-04
5.521462212754396116e-03 5.774673851359913689e-04 5.623712021099880201e-04 4.714401389366779712e-04 4.183400070316934337e-04 4.158031757144532042e-04 3.766097113075215358e-04 3.781624138938877795e-04 4.428420141572250203e-04 3.980967365997544632e-04 3.712928006152586141e-04 3.476969451152834927e-04 2.929265388107379366e-04 2.443593243896615991e-04 1.701266618876494700e-04
5.490730980430863321e-03 6.012745007295131408e-04 5.590583478686045544e-04 4.709948078253959019e-04 4.184687397640612797e-04 4.156239413109382688e-04 3.763262780409240668e-04 3.731456549498084912e-04 3.980967365997544632e-04 4.490261446702090197e-04 3.950881696192333546e-04 3.640225223050350838e-04 3.056236398564838620e-04 2.538154672198861608e-04 1.767542739926898057e-04
5.045233587559113005e-03 5.742910175922932847e-04 5.290395390037254701e-04 4.478563996099729902e-04 3.973853274681121879e-04 3.940721200090078081e-04 3.559797341672024293e-04 3.521810425927460837e-04 3.712928006152586141e-04 3.950881696192333546e-04 4.332769971318021661e-04 3.826035749539160973e-04 3.137938829489012580e-04 2.543825279489641059e-04 1.739310771889385080e-04
4.235639881776931230e-03 5.474017049062877317e-04 5.052889299341414148e-04 4.236563154362266289e-04 3.768997478997594686e-04 3.733858610273238249e-04 3.366042671193941000e-04 3.324428708908997191e-04 3.476969451152834927e-04 3.640225223050350838e-04 3.826035749539160973e-04 4.399130430366291660e-04 3.557172798775405458e-04 2.729185586868184657e-04 1.833867894433480498e-04
2.054092272042811872e-03 4.546416476429642546e-04 4.300019180717711172e-04 3.585780888809647843e-04 3.179158731697061843e-04 3.170377496662043788e-04 2.824362704891943609e-04 2.794428731634309620e-04 2.929265388107379366e-04 3.056236398564838620e-04 3.137938829489012580e-04 3.557172798775405458e-04 4.234682310725872579e-04 3.255946515671199874e-04 2.005766637445125845e-04
-2.331276846206184299e-03 3.627671915440534097e-04 3.623720568317057565e-04 3.024868128870335953e-04 2.651458767228255737e-04 2.656206798755282659e-04 2.346019910302009630e-04 2.305502229301798704e-04 2.443593243896615991e-04 2.538154672198861608e-04 2.543825279489641059e-04 2.729185586868184657e-04 3.255946515671199874e-04 4.893591186670245320e-04 3.441220919795371963e-04
-9.016496197823534176e-03 2.228622491622797791e-04 2.661346775158300701e-04 2.149466016067487506e-04 1.854752418519933701e-04 1.900049246797629000e-04 1.607874110711085395e-04 1.561204187832812627e-04 1.701266618876494700e-04 1.767542739926898057e-04 1.739310771889385080e-04 1.833867894433480498e-04 2.005766637445125845e-04 3.441220919795371963e-04 7.032384806595513502e-04
