7.654887094357389283e-04 9.156006641807165310e-04 2.798851010851316468e-04 2.180787133933328732e-04 2.038673373500371109e-04 1.951227163324196709e-04 1.976520759961788434e-04 1.993581493740378627e-04 1.985651248482926136e-04 1.941676600417560324e-04 2.034767988122995253e-04 1.949552216680575187e-04 1.912196745131338100e-04 1.866785510617872295e-04 1.654633561911046582e-04 1.773537487487713931e-04
9.156006641807165310e-04 1.107636210121351258e-03 2.883215292316974399e-04 2.143383108476508761e-04 1.975498366556905716e-04 1.865740125549348542e-04 1.903925055787304406e-04 1.924947954214804489e-04 1.893058290000385827e-04 1.844694133111745226e-04 1.945849963119661210e-04 1.843968267854551501e-04 1.789817763766302073e-04 1.759244270248684736e-04 1.567582165422477347e-04 1.784547891828901082e-04
2.798851010851316468e-04 2.883215292316974399e-04 4.367999839978756161e-04 2.837612074660712282e-04 2.552149730120938293e-04 2.640835287620993985e-04 2.576090473686134868e-04 2.506336854757889210e-04 2.618026150320647717e-04 2.559223037326547028e-04 2.621973012926945529e-04 2.611767342854737954e-04 2.601986736215119826e-04 2.493031071974168857e-04 2.185188404778720705e-04 2.101666914053995064e-04
2.180787133933328732e-04 2.143383108476508761e-04 2.837612074660712282e-04 2.954784536705666142e-04 2.443938428862062282e-04 2.434139114060529996e-04 2.361276136027874880e-04 2.351557878607070883e-04 2.452796863758011873e-04 2.434290503898557027e-04 2.492088437932515280e-04 2.472911410653400336e-04 2.495152625670364849e-04 2.372948374390826333e-04 2.105112131994481446e-04 1.923576234234453965e-04
2.038673373500371109e-04 1.975498366556905716e-04 2.552149730120938293e-04 2.443938428862062282e-04 2.498403297049588438e-04 2.337300004448769912e-04 2.291596145377830399e-04 2.298349105419156518e-04 2.381237824712967917e-04 2.351348216115671812e-04 2.421676074365233637e-04 2.407329807091593472e-04 2.452569152398731043e-04 2.347667407674538284e-04 2.029798448686204269e-04 1.693715777074827650e-04
1.951227163324196709e-04 1.865740125549348542e-04 2.640835287620993985e-04 2.434139114060529996e-04 2.337300004448769912e-04 2.410415898145459976e-04 2.296157766138751403e-04 2.289035988144410129e-04 2.387839295392753117e-04 2.346596780135987604e-04 2.403066638201186648e-04 2.380848975858866449e-04 2.409271009424838832e-04 2.319784318260024536e-04 2.038696222793681938e-04 1.835679541005759018e-04
1.976520759961788434e-04 1.903925055787304406e-04 2.576090473686134868e-04 2.361276136027874880e-04 2.291596145377830399e-04 2.296157766138751403e-04 2.324372964250581892e-04 2.283735953097992355e-04 2.367728360748950556e-04 2.341033387076906023e-04 2.400853460874053324e-04 2.385304135989134541e-04 2.409376019777765600e-04 2.326385546038932644e-04 2.074571402318120864e-04 1.836939265171096884e-04
1.993581493740378627e-04 1.924947954214804489e-04 2.506336854757889210e-04 2.351557878607070883e-04 2.298349105419156518e-04 2.289035988144410129e-04 2.283735953097992355e-04 2.310582773629239924e-04 2.374730966164923754e-04 2.344373430043894503e-04 2.405658778726239171e-04 2.384883331139399669e-04 2.420398452844362415e-04 2.339048915631475843e-04 2.076756764123442603e-04 1.817105947920963469e-04
1.985651248482926136e-04 1.893058290000385827e-04 2.618026150320647717e-04 2.452796863758011873e-04 2.381237824712967917e-04 2.387839295392753117e-04 2.367728360748950556e-04 2.374730966164923754e-04 2.485669829288201290e-04 2.442322425878518132e-04 2.508025399298508852e-04 2.488442418080865390e-04 2.523265773573585735e-04 2.436659915829811763e-04 2.147490866971386717e-04 1.833112652126609083e-04
1.941676600417560324e-04 1.844694133111745226e-04 2.559223037326547028e-04 2.434290503898557027e-04 2.351348216115671812e-04 2.346596780135987604e-04 2.341033387076906023e-04 2.344373430043894503e-04 2.442322425878518132e-04 2.444481215142803288e-04 2.497515505083870192e-04 2.473570160309173402e-04 2.505519271356553110e-04 2.416056403703537915e-04 2.135759180573202156e-04 1.807507972017947332e-04
2.034767988122995253e-04 1.945849963119661210e-04 2.621973012926945529e-04 2.492088437932515280e-04 2.421676074365233637e-04 2.403066638201186648e-04 2.400853460874053324e-04 2.405658778726239171e-04 2.508025399298508852e-04 2.497515505083870192e-04 2.600264250025069359e-04 2.579101539227549966e-04 2.622861387437477486e-04 2.534280599478092900e-04 2.224889405019982907e-04 1.847206898389579363e-04
1.949552216680575187e-04 1.843968267854551501e-04 2.611767342854737954e-04 2.472911410653400336e-04 2.407329807091593472e-04 2.380848975858866449e-04 2.385304135989134541e-04 2.384883331139399669e-04 2.488442418080865390e-04 2.473570160309173402e-04 2.579101539227549966e-04 2.614192237927169819e-04 2.673031344728036456e-04 2.612207693267477567e-04 2.317843887257593338e-04 1.932955665006033023e-04
1.912196745131338100e-04 1.789817763766302073e-04 2.601986736215119826e-04 2.495152625670364849e-04 2.452569152398731043e-04 2.409271009424838832e-04 2.409376019777765600e-04 2.420398452844362415e-04 2.523265773573585735e-04 2.505519271356553110e-04 2.622861387437477486e-04 2.673031344728036456e-04 2.809655589957595024e-04 2.815762191668652820e-04 2.554910115424438642e-04 2.121071788001977182e-04
1.866785510617872295e-04 1.759244270248684736e-04 2.493031071974168857e-04 2.372948374390826333e-04 2.347667407674538284e-04 2.319784318260024536e-04 2.326385546038932644e-04 2.339048915631475843e-04 2.436659915829811763e-04 2.416056403703537915e-04 2.534280599478092900e-04 2.612207693267477567e-04 2.815762191668652820e-04 3.090630762673887179e-04 3.020565042042162840e-04 2.707395082584099525e-04
1.654633561911046582e-04 1.567582165422477347e-04 2.185188404778720705e-04 2.105112131994481446e-04 2.029798448686204269e-04 2.038696222793681938e-04 2.074571402318120864e-04 2.076756764123442603e-04 2.147490866971386717e-04 2.135759180573202156e-04 2.224889405019982907e-04 2.317843887257593338e-04 2.554910115424438642e-04 3.020565042042162840e-04 3.501635287223965002e-04 3.796426685218166485e-04
1.773537487487713931e-04 1.784547891828901082e-04 2.101666914053995064e-04 1.923576234234453965e-04 1.693715777074827650e-04 1.835679541005759018e-04 1.836939265171096884e-04 1.817105947920963469e-04 1.833112652126609083e-04 1.807507972017947332e-04 1.847206898389579363e-04 1.932955665006033023e-04 2.121071788001977182e-04 2.707395082584099525e-04 3.796426685218166485e-04 6.081917277307666032e-04
