5.010107651296259040e-02 5.382400379788441006e-03 2.189204608455425083e-03 1.131153983493281365e-03 6.411531308888675533e-04 4.201051935794074851e-04 2.919808605651750622e-04 2.356539664424522993e-04 1.933224883019762496e-04 1.728899250034010419e-04 1.464657694970275135e-04 1.434083896464239110e-04 1.229216165392729612e-04 9.341175019656580193e-05 6.181989599137981671e-05
5.382400379788441006e-03 2.858763077506715298e-03 8.647294565800054192e-04 5.077424805704244294e-04 3.641835478780055700e-04 2.883991230349022003e-04 2.512136687362025579e-04 2.430124096478988242e-04 2.269884410141433790e-04 2.254580953309442786e-04 2.154737626346278547e-04 2.162188612154507424e-04 2.040090227600099186e-04 1.710801404505813089e-04 1.506184980116448489e-04
2.189204608455425083e-03 8.647294565800054192e-04 8.364055474567233181e-04 3.355010342308503983e-04 2.559010073267525419e-04 2.187310862858967797e-04 2.026506615039567474e-04 2.042352473667596565e-04 1.955330277265775033e-04 1.972426544364471249e-04 1.918878701544789222e-04 1.932373353111979089e-04 1.822422807562711447e-04 1.523672663338618792e-04 1.315897695349916273e-04
1.131153983493281365e-03 5.077424805704244294e-04 3.355010342308503983e-04 4.213741775123276668e-04 2.270956895477105092e-04 1.973090036528897626e-04 1.874694951083844701e-04 1.927618586603447107e-04 1.858693744607853966e-04 1.890352464753185572e-04 1.846954729648260421e-04 1.863045869694466910e-04 1.765462782345524767e-04 1.467571745171133166e-04 1.249289456315604225e-04
6.411531308888675533e-04 3.641835478780055700e-04 2.559010073267525419e-04 2.270956895477105092e-04 2.944206458703765394e-04 1.954444104565231208e-04 1.842568409799252036e-04 1.898736307881714687e-04 1.840286259311929519e-04 1.875266035656762589e-04 1.835997944789903558e-04 1.844006070714716882e-04 1.754408941439456935e-04 1.460495455516488700e-04 1.223122961256356133e-04
4.201051935794074851e-04 2.883991230349022003e-04 2.187310862858967797e-04 1.973090036528897626e-04 1.954444104565231208e-04 2.375459711215990193e-04 1.838305693560621679e-04 1.875624880379409833e-04 1.811078755014134583e-04 1.845226544252601911e-04 1.802970634409716856e-04 1.811481347750950363e-04 1.717358158411056183e-04 1.423886627098027715e-04 1.173311876580334457e-04
2.919808605651750622e-04 2.512136687362025579e-04 2.026506615039567474e-04 1.874694951083844701e-04 1.842568409799252036e-04 1.838305693560621679e-04 2.167143866562456079e-04 1.934079560789455190e-04 1.846972593551956556e-04 1.868771973187798930e-04 1.820790861063132174e-04 1.826685186355610181e-04 1.728442433926698565e-04 1.432543392788383893e-04 1.183080906684711098e-04
2.356539664424522993e-04 2.430124096478988242e-04 2.042352473667596565e-04 1.927618586603447107e-04 1.898736307881714687e-04 1.875624880379409833e-04 1.934079560789455190e-04 2.296714611971575621e-04 2.026699016456266170e-04 2.025682744261891595e-04 1.965169381094229208e-04 1.963050991382849278e-04 1.858857026960592722e-04 1.554787843843853700e-04 1.294606865427790857e-04
1.933224883019762496e-04 2.269884410141433790e-04 1.955330277265775033e-04 1.858693744607853966e-04 1.840286259311929519e-04 1.811078755014134583e-04 1.846972593551956556e-04 2.026699016456266170e-04 2.213214570653853133e-04 2.079901964816408997e-04 1.990416617089978244e-04 1.972806161291316637e-04 1.852597897735678428e-04 1.535923543633573995e-04 1.262486323837762596e-04
1.728899250034010419e-04 2.254580953309442786e-04 1.972426544364471249e-04 1.890352464753185572e-04 1.875266035656762589e-04 1.845226544252601911e-04 1.868771973187798930e-04 2.025682744261891595e-04 2.079901964816408997e-04 2.355083360573321583e-04 2.174975524623398813e-04 2.121023123588966790e-04 1.976933446280011101e-04 1.640798590523441243e-04 1.340232144610845934e-04
1.464657694970275135e-04 2.154737626346278547e-04 1.918878701544789222e-04 1.846954729648260421e-04 1.835997944789903558e-04 1.802970634409716856e-04 1.820790861063132174e-04 1.965169381094229208e-04 1.990416617089978244e-04 2.174975524623398813e-04 2.425635187975160164e-04 2.306724872375012574e-04 2.109883184996495396e-04 1.721675748599458395e-04 1.365970922527107536e-04
1.434083896464239110e-04 2.162188612154507424e-04 1.932373353111979089e-04 1.863045869694466910e-04 1.844006070714716882e-04 1.811481347750950363e-04 1.826685186355610181e-04 1.963050991382849278e-04 1.972806161291316637e-04 2.121023123588966790e-04 2.306724872375012574e-04 2.726873878790299745e-04 2.490467161006447113e-04 1.990720788641333846e-04 1.537408364099573281e-04
1.229216165392729612e-04 2.040090227600099186e-04 1.822422807562711447e-04 1.765462782345524767e-04 1.754408941439456935e-04 1.717358158411056183e-04 1.728442433926698565e-04 1.858857026960592722e-04 1.852597897735678428e-04 1.976933446280011101e-04 2.109883184996495396e-04 2.490467161006447113e-04 3.056456024786584390e-04 2.527790891965366721e-04 1.889615662097509827e-04
9.341175019656580193e-05 1.710801404505813089e-04 1.523672663338618792e-04 1.467571745171133166e-04 1.460495455516488700e-04 1.423886627098027715e-04 1.432543392788383893e-04 1.554787843843853700e-04 1.535923543633573995e-04 1.640798590523441243e-04 1.721675748599458395e-04 1.990720788641333846e-04 2.527790891965366721e-04 3.436432529694294510e-04 2.905774577765641935e-04
6.181989599137981671e-05 1.506184980116448489e-04 1.315897695349916273e-04 1.249289456315604225e-04 1.223122961256356133e-04 1.173311876580334457e-04 1.183080906684711098e-04 1.294606865427790857e-04 1.262486323837762596e-04 1.340232144610845934e-04 1.365970922527107536e-04 1.537408364099573281e-04 1.889615662097509827e-04 2.905774577765641935e-04 5.567103886975731256e-04
