7.680039123242705587e-04 9.180707472588434505e-04 2.838357009410150513e-04 2.214857570686059641e-04 2.066182569903928532e-04 1.974926389512430560e-04 2.000160750823469600e-04 2.011060720109481708e-04 2.009553815446371420e-04 1.965430355535140497e-04 2.060651264687545089e-04 1.979781097958228995e-04 1.942077777659716143e-04 1.888642503423049233e-04 1.666269956744590732e-04 1.775861154766933154e-04
9.180707472588434505e-04 1.109925542616928924e-03 2.925641129455767596e-04 2.183788219028221433e-04 2.006933687796532155e-04 1.892141945544436763e-04 1.929505202839000295e-04 1.943620185968217891e-04 1.919425190268933361e-04 1.870783357831936494e-04 1.974508434603210660e-04 1.876851695030772266e-04 1.822618194703886231e-04 1.782159287849673524e-04 1.575641053115086026e-04 1.776142794890433021e-04
2.838357009410150513e-04 2.925641129455767596e-04 4.427076611672560642e-04 2.866399458856575509e-04 2.583937174482459314e-04 2.676209372440950941e-04 2.608916750513767964e-04 2.534540586154807040e-04 2.649532822952382471e-04 2.586587657566477507e-04 2.651245894276757671e-04 2.644077670324295739e-04 2.633267110046265186e-04 2.522222251362669140e-04 2.218866988531113902e-04 2.163048010916714678e-04
2.214857570686059641e-04 2.183788219028221433e-04 2.866399458856575509e-04 2.961315568551172350e-04 2.454455718779473467e-04 2.445572475979703483e-04 2.374536638626009233e-04 2.360023210203499727e-04 2.463403377470494066e-04 2.444705342472352052e-04 2.502984457861161184e-04 2.488872145360571499e-04 2.508359211430529812e-04 2.382815199673878222e-04 2.120683337526187661e-04 1.959053235970788904e-04
2.066182569903928532e-04 2.006933687796532155e-04 2.583937174482459314e-04 2.454455718779473467e-04 2.512088956319450165e-04 2.352617789881910736e-04 2.308592736407693929e-04 2.311434875601852106e-04 2.396489658699392251e-04 2.367132833481982524e-04 2.438113239156534148e-04 2.428449297322019332e-04 2.471370978484884015e-04 2.363641848144702349e-04 2.050972257389491583e-04 1.735438881940791728e-04
1.974926389512430560e-04 1.892141945544436763e-04 2.676209372440950941e-04 2.445572475979703483e-04 2.352617789881910736e-04 2.427583731891193189e-04 2.314469770215358928e-04 2.303638739125419990e-04 2.404660244564947157e-04 2.363387469375666206e-04 2.420253271015529982e-04 2.402878418035007653e-04 2.429712326018537683e-04 2.338832470446833723e-04 2.064288666877623116e-04 1.880319199397629463e-04
2.000160750823469600e-04 1.929505202839000295e-04 2.608916750513767964e-04 2.374536638626009233e-04 2.308592736407693929e-04 2.314469770215358928e-04 2.345362125517916839e-04 2.301428050705746516e-04 2.387202460280919334e-04 2.359993700640462756e-04 2.421038291704506122e-04 2.409872711777515477e-04 2.432860912490913193e-04 2.348511082404930439e-04 2.101859043577588128e-04 1.880624270518084832e-04
2.011060720109481708e-04 1.943620185968217891e-04 2.534540586154807040e-04 2.360023210203499727e-04 2.311434875601852106e-04 2.303638739125419990e-04 2.301428050705746516e-04 2.324984354841616260e-04 2.390658960146352656e-04 2.360419313239379578e-04 2.422280258448744844e-04 2.406354340482230118e-04 2.440643202104786293e-04 2.358343917726302391e-04 2.102574583984185240e-04 1.860541778474705875e-04
2.009553815446371420e-04 1.919425190268933361e-04 2.649532822952382471e-04 2.463403377470494066e-04 2.396489658699392251e-04 2.404660244564947157e-04 2.387202460280919334e-04 2.390658960146352656e-04 2.503482514902856913e-04 2.460005511269805489e-04 2.526426937309857678e-04 2.511639938296145180e-04 2.545015361353210564e-04 2.456890034868504553e-04 2.173900870313278679e-04 1.877297739110487759e-04
1.965430355535140497e-04 1.870783357831936494e-04 2.586587657566477507e-04 2.444705342472352052e-04 2.367132833481982524e-04 2.363387469375666206e-04 2.359993700640462756e-04 2.360419313239379578e-04 2.460005511269805489e-04 2.462179410134005203e-04 2.515949322690994873e-04 2.496710011477389969e-04 2.527278073271186309e-04 2.435913905667277555e-04 2.161330796708075749e-04 1.849004612611840554e-04
2.060651264687545089e-04 1.974508434603210660e-04 2.651245894276757671e-04 2.502984457861161184e-04 2.438113239156534148e-04 2.420253271015529982e-04 2.421038291704506122e-04 2.422280258448744844e-04 2.526426937309857678e-04 2.515949322690994873e-04 2.619563951869345380e-04 2.603421096029209184e-04 2.646271819312768733e-04 2.556661014194002097e-04 2.253304205875006306e-04 1.891886867512647342e-04
1.979781097958228995e-04 1.876851695030772266e-04 2.644077670324295739e-04 2.488872145360571499e-04 2.428449297322019332e-04 2.402878418035007653e-04 2.409872711777515477e-04 2.406354340482230118e-04 2.511639938296145180e-04 2.496710011477389969e-04 2.603421096029209184e-04 2.643029211706492045e-04 2.701050931707412806e-04 2.638793182806106470e-04 2.350662303610101902e-04 1.983746229344832070e-04
1.942077777659716143e-04 1.822618194703886231e-04 2.633267110046265186e-04 2.508359211430529812e-04 2.471370978484884015e-04 2.429712326018537683e-04 2.432860912490913193e-04 2.440643202104786293e-04 2.545015361353210564e-04 2.527278073271186309e-04 2.646271819312768733e-04 2.701050931707412806e-04 2.837380002225421043e-04 2.843218832862841523e-04 2.592481649569428623e-04 2.181090296427375325e-04
1.888642503423049233e-04 1.782159287849673524e-04 2.522222251362669140e-04 2.382815199673878222e-04 2.363641848144702349e-04 2.338832470446833723e-04 2.348511082404930439e-04 2.358343917726302391e-04 2.456890034868504553e-04 2.435913905667277555e-04 2.556661014194002097e-04 2.638793182806106470e-04 2.843218832862841523e-04 3.119169397509289569e-04 3.061785440158550911e-04 2.773119487555651339e-04
1.666269956744590732e-04 1.575641053115086026e-04 2.218866988531113902e-04 2.120683337526187661e-04 2.050972257389491583e-04 2.064288666877623116e-04 2.101859043577588128e-04 2.102574583984185240e-04 2.173900870313278679e-04 2.161330796708075749e-04 2.253304205875006306e-04 2.350662303610101902e-04 2.592481649569428623e-04 3.061785440158550911e-04 3.558562154671138125e-04 3.876405835973379581e-04
1.775861154766933154e-04 1.776142794890433021e-04 2.163048010916714678e-04 1.959053235970788904e-04 1.735438881940791728e-04 1.880319199397629463e-04 1.880624270518084832e-04 1.860541778474705875e-04 1.877297739110487759e-04 1.849004612611840554e-04 1.891886867512647342e-04 1.983746229344832070e-04 2.181090296427375325e-04 2.773119487555651339e-04 3.876405835973379581e-04 6.172857997494735375e-04
