6.155806896227584328e-04 -4.270400502678793815e-04 -1.844670517167946457e-04 -8.933095433365101780e-05 -4.599625669474849697e-05 -2.161996890854335043e-05 -1.046405705624068650e-05 -2.641361566380625212e-06 1.786619110065543880e-06 3.101332691299161408e-06 4.989380184727256711e-06 5.446802792315965371e-06 5.659294310666943657e-06 7.392422970406568023e-06 7.058774421879367093e-06
-4.270400502678793815e-04 1.692942982975834208e-03 2.008242047488237444e-04 9.484265453317937628e-05 5.258516225064334626e-05 3.241471288966685243e-05 2.264264567538849213e-05 1.592093008879379374e-05 1.314401849848404358e-05 1.210831492961650363e-05 1.101889247603849499e-05 1.106260226822998124e-05 9.726033456380228805e-06 7.788706809917185161e-06 7.154249020103944059e-06
-1.844670517167946457e-04 2.008242047488237444e-04 4.785879869779361101e-04 6.375707025073724065e-05 3.422075847721651375e-05 2.237397852678477499e-05 1.617224171558257799e-05 1.295555310355948127e-05 1.118459714204676430e-05 1.055166260572878874e-05 1.036397521533880872e-05 1.050863211031685329e-05 9.132309400146646823e-06 9.343232782529721151e-06 1.008150692797365525e-05
-8.933095433365101780e-05 9.484265453317937628e-05 6.375707025073724065e-05 2.162157670818381692e-04 3.330401090442768188e-05 1.902010058776448104e-05 1.430431920711173921e-05 1.166781136561619016e-05 1.013693227140127948e-05 9.999379104396130140e-06 9.493897769635192249e-06 1.018457400550699275e-05 9.957453669700577905e-06 9.934022228000009152e-06 1.139059879467844577e-05
-4.599625669474849697e-05 5.258516225064334626e-05 3.422075847721651375e-05 3.330401090442768188e-05 1.166024663217871127e-04 2.342724490713229499e-05 1.603924053082812458e-05 1.260275946803031509e-05 1.074128881346796616e-05 9.891606070269995645e-06 9.394959218369747586e-06 8.947278635237374607e-06 9.301622508220284396e-06 8.970424654278379476e-06 9.415180088771718861e-06
-2.161996890854335043e-05 3.241471288966685243e-05 2.237397852678477499e-05 1.902010058776448104e-05 2.342724490713229499e-05 7.501121717264837177e-05 2.096651215002133523e-05 1.526467685798411163e-05 1.284103092007525453e-05 1.121536978297763366e-05 1.008969407889327168e-05 9.694974356228081485e-06 9.203896445263589669e-06 8.480940908772113026e-06 8.458898536173990948e-06
-1.046405705624068650e-05 2.264264567538849213e-05 1.617224171558257799e-05 1.430431920711173921e-05 1.603924053082812458e-05 2.096651215002133523e-05 5.572097309384340037e-05 2.079842456511486260e-05 1.605666861926412152e-05 1.330198036264844479e-05 1.172832958054168620e-05 1.073919065410043249e-05 9.824185661723960195e-06 9.359321949632353515e-06 8.635937831032743214e-06
-2.641361566380625212e-06 1.592093008879379374e-05 1.295555310355948127e-05 1.166781136561619016e-05 1.260275946803031509e-05 1.526467685798411163e-05 2.079842456511486260e-05 4.662078560247593273e-05 2.285761231849415173e-05 1.799718816158168036e-05 1.527774238372600250e-05 1.325342027948329371e-05 1.176862817381770432e-05 1.052975513751104607e-05 8.746245335755207828e-06
1.786619110065543880e-06 1.314401849848404358e-05 1.118459714204676430e-05 1.013693227140127948e-05 1.074128881346796616e-05 1.284103092007525453e-05 1.605666861926412152e-05 2.285761231849415173e-05 4.531035920291299725e-05 2.714334034003993763e-05 2.172925205190009477e-05 1.784664305313132118e-05 1.502698799257663455e-05 1.258838765266528184e-05 9.236568692855361124e-06
3.101332691299161408e-06 1.210831492961650363e-05 1.055166260572878874e-05 9.999379104396130140e-06 9.891606070269995645e-06 1.121536978297763366e-05 1.330198036264844479e-05 1.799718816158168036e-05 2.714334034003993763e-05 5.034770356085020184e-05 3.518324149410421943e-05 2.789183765865832962e-05 2.241664531333815267e-05 1.774558418874073095e-05 1.183289781157612431e-05
4.989380184727256711e-06 1.101889247603849499e-05 1.036397521533880872e-05 9.493897769635192249e-06 9.394959218369747586e-06 1.008969407889327168e-05 1.172832958054168620e-05 1.527774238372600250e-05 2.172925205190009477e-05 3.518324149410421943e-05 6.311715347813020107e-05 4.935449083855871042e-05 3.852101817902543653e-05 2.929701126007830292e-05 1.829129472655907079e-05
5.446802792315965371e-06 1.106260226822998124e-05 1.050863211031685329e-05 1.018457400550699275e-05 8.947278635237374607e-06 9.694974356228081485e-06 1.073919065410043249e-05 1.325342027948329371e-05 1.784664305313132118e-05 2.789183765865832962e-05 4.935449083855871042e-05 8.937496365023731308e-05 7.497261138137895401e-05 5.414647795900960289e-05 3.337745267330538410e-05
5.659294310666943657e-06 9.726033456380228805e-06 9.132309400146646823e-06 9.957453669700577905e-06 9.301622508220284396e-06 9.203896445263589669e-06 9.824185661723960195e-06 1.176862817381770432e-05 1.502698799257663455e-05 2.241664531333815267e-05 3.852101817902543653e-05 7.497261138137895401e-05 1.404415301100004308e-04 1.165945905655160205e-04 7.695605245105886327e-05
7.392422970406568023e-06 7.788706809917185161e-06 9.343232782529721151e-06 9.934022228000009152e-06 8.970424654278379476e-06 8.480940908772113026e-06 9.359321949632353515e-06 1.052975513751104607e-05 1.258838765266528184e-05 1.774558418874073095e-05 2.929701126007830292e-05 5.414647795900960289e-05 1.165945905655160205e-04 2.378270581133190597e-04 2.090852714686448400e-04
7.058774421879367093e-06 7.154249020103944059e-06 1.008150692797365525e-05 1.139059879467844577e-05 9.415180088771718861e-06 8.458898536173990948e-06 8.635937831032743214e-06 8.746245335755207828e-06 9.236568692855361124e-06 1.183289781157612431e-05 1.829129472655907079e-05 3.337745267330538410e-05 7.695605245105886327e-05 2.090852714686448400e-04 4.992838787934890388e-04
