1.094737844920582424e-03 1.353134139940096597e-03 2.805895342181522790e-04 1.768894323605674126e-04 1.583609873350854292e-04 1.424392477567666096e-04 1.456632392101871447e-04 1.454738373165052965e-04 1.421257394172112691e-04 1.346091822569134440e-04 1.435250336971896298e-04 1.303620032792356033e-04 1.246227943359652093e-04 1.222990745175349945e-04 1.030453321809194630e-04 1.402094039270114121e-04
1.353134139940096597e-03 1.684896863562995815e-03 3.039813408597615203e-04 1.763072039589730063e-04 1.546572169721948970e-04 1.343880569545966258e-04 1.395278985820188732e-04 1.391922637996526187e-04 1.323694697504777665e-04 1.236625458045721346e-04 1.334772445181011704e-04 1.176156876627851587e-04 1.097326992972621042e-04 1.092109518890602295e-04 9.245660102347669836e-05 1.459417245235682743e-04
2.805895342181522790e-04 3.039813408597615203e-04 4.929300599944620200e-04 2.503631633310210458e-04 2.039718990504361788e-04 2.196801915709080193e-04 2.073142260331345930e-04 1.969934615516062226e-04 2.115519034402891130e-04 2.028197329822737239e-04 2.076869981291894381e-04 2.059744833847690782e-04 2.025135931938900355e-04 1.927501548539161443e-04 1.599475840886274724e-04 1.674075788757753360e-04
1.768894323605674126e-04 1.763072039589730063e-04 2.503631633310210458e-04 2.780225884732532562e-04 1.964520688937088891e-04 1.950905052133835563e-04 1.827612310789785506e-04 1.815528418883554426e-04 1.938873025322868831e-04 1.918749778612407109e-04 1.960803485434857191e-04 1.936544717054429618e-04 1.961314996804718546e-04 1.833488471150520487e-04 1.600114963728860144e-04 1.491931495749244062e-04
1.583609873350854292e-04 1.546572169721948970e-04 2.039718990504361788e-04 1.964520688937088891e-04 2.052576962588933442e-04 1.804017739087112411e-04 1.726952783043316192e-04 1.739403223693288545e-04 1.831070971516570334e-04 1.798379139695923843e-04 1.861856692168296099e-04 1.839349330499272424e-04 1.890320460210287868e-04 1.790309308166465510e-04 1.459315746697399587e-04 1.111177807693112916e-04
1.424392477567666096e-04 1.343880569545966258e-04 2.196801915709080193e-04 1.950905052133835563e-04 1.804017739087112411e-04 1.926905342533910927e-04 1.737972483664274438e-04 1.728022562694809540e-04 1.848653423648764522e-04 1.794844281103811481e-04 1.838579193193438748e-04 1.804199802405405070e-04 1.829987321689882510e-04 1.757294380662973864e-04 1.494639740798443610e-04 1.350595922339829194e-04
1.456632392101871447e-04 1.395278985820188732e-04 2.073142260331345930e-04 1.827612310789785506e-04 1.726952783043316192e-04 1.737972483664274438e-04 1.779240497302672804e-04 1.716347849967222918e-04 1.811798364802011938e-04 1.781098466010393796e-04 1.830503729820016250e-04 1.807299328960429647e-04 1.825157593039139438e-04 1.767013891949298116e-04 1.545833263073400016e-04 1.347485025507564802e-04
1.454738373165052965e-04 1.391922637996526187e-04 1.969934615516062226e-04 1.815528418883554426e-04 1.739403223693288545e-04 1.728022562694809540e-04 1.716347849967222918e-04 1.761005983032399842e-04 1.823377496118123466e-04 1.786525768263680662e-04 1.837763632243573266e-04 1.809082488496110801e-04 1.843668188628520539e-04 1.788471537542722710e-04 1.551972504115027162e-04 1.328732278843821680e-04
1.421257394172112691e-04 1.323694697504777665e-04 2.115519034402891130e-04 1.938873025322868831e-04 1.831070971516570334e-04 1.848653423648764522e-04 1.811798364802011938e-04 1.823377496118123466e-04 1.962779407336327211e-04 1.904502640511768869e-04 1.962629383974764496e-04 1.932829541103988117e-04 1.965382680698803748e-04 1.900295639783240362e-04 1.622539226404579916e-04 1.306759131545714807e-04
1.346091822569134440e-04 1.236625458045721346e-04 2.028197329822737239e-04 1.918749778612407109e-04 1.798379139695923843e-04 1.794844281103811481e-04 1.781098466010393796e-04 1.786525768263680662e-04 1.904502640511768869e-04 1.916729864757157746e-04 1.954385397704461755e-04 1.917055963996571128e-04 1.945688311859219814e-04 1.872273573685452803e-04 1.608198636088474184e-04 1.279666682465736101e-04
1.435250336971896298e-04 1.334772445181011704e-04 2.076869981291894381e-04 1.960803485434857191e-04 1.861856692168296099e-04 1.838579193193438748e-04 1.830503729820016250e-04 1.837763632243573266e-04 1.962629383974764496e-04 1.954385397704461755e-04 2.067562777679298836e-04 2.030755640337969525e-04 2.074867318467719848e-04 2.002673663644424307e-04 1.695474516033395305e-04 1.299788354971845067e-04
1.303620032792356033e-04 1.176156876627851587e-04 2.059744833847690782e-04 1.936544717054429618e-04 1.839349330499272424e-04 1.804199802405405070e-04 1.807299328960429647e-04 1.809082488496110801e-04 1.932829541103988117e-04 1.917055963996571128e-04 2.030755640337969525e-04 2.079172550017483227e-04 2.138354419876085965e-04 2.103069653930959241e-04 1.820636655547313307e-04 1.418210670561085597e-04
1.246227943359652093e-04 1.097326992972621042e-04 2.025135931938900355e-04 1.961314996804718546e-04 1.890320460210287868e-04 1.829987321689882510e-04 1.825157593039139438e-04 1.843668188628520539e-04 1.965382680698803748e-04 1.945688311859219814e-04 2.074867318467719848e-04 2.138354419876085965e-04 2.304876913880510086e-04 2.355232414710873624e-04 2.117775564314977089e-04 1.641060710512431400e-04
1.222990745175349945e-04 1.092109518890602295e-04 1.927501548539161443e-04 1.833488471150520487e-04 1.790309308166465510e-04 1.757294380662973864e-04 1.767013891949298116e-04 1.788471537542722710e-04 1.900295639783240362e-04 1.872273573685452803e-04 2.002673663644424307e-04 2.103069653930959241e-04 2.355232414710873624e-04 2.789262632303856010e-04 2.807439088354914754e-04 2.490989306586645054e-04
1.030453321809194630e-04 9.245660102347669836e-05 1.599475840886274724e-04 1.600114963728860144e-04 1.459315746697399587e-04 1.494639740798443610e-04 1.545833263073400016e-04 1.551972504115027162e-04 1.622539226404579916e-04 1.608198636088474184e-04 1.695474516033395305e-04 1.820636655547313307e-04 2.117775564314977089e-04 2.807439088354914754e-04 3.591208448347222985e-04 4.063923647267210417e-04
1.402094039270114121e-04 1.459417245235682743e-04 1.674075788757753360e-04 1.491931495749244062e-04 1.111177807693112916e-04 1.350595922339829194e-04 1.347485025507564802e-04 1.328732278843821680e-04 1.306759131545714807e-04 1.279666682465736101e-04 1.299788354971845067e-04 1.418210670561085597e-04 1.641060710512431400e-04 2.490989306586645054e-04 4.063923647267210417e-04 7.246375724031064482e-04
