7.589923908010907071e-04 9.081802102274462050e-04 2.805914194693319473e-04 2.127053464849931936e-04 2.016012953392882731e-04 1.952987464136641659e-04 1.967982872339789878e-04 1.982567567487945220e-04 1.967911314229801715e-04 1.910473278850224259e-04 2.006860043660924173e-04 1.924820696748497160e-04 1.883737480066303028e-04 1.851208172715689590e-04 1.659004018793454425e-04 1.815631911552145240e-04
9.081802102274462050e-04 1.099170149960016635e-03 2.903819272016398855e-04 2.086662824312736375e-04 1.953283453599410956e-04 1.876588223367739233e-04 1.900135483558684150e-04 1.918759842638369532e-04 1.878139148969074730e-04 1.812766299734605135e-04 1.917473294495127608e-04 1.819694744633501516e-04 1.761620112773608522e-04 1.745712522625360210e-04 1.577528964573638706e-04 1.846306535842832106e-04
2.805914194693319473e-04 2.903819272016398855e-04 4.332136379343910770e-04 2.776724315044471576e-04 2.502612752750818579e-04 2.584635578934857576e-04 2.528204336082527735e-04 2.455820962111619158e-04 2.569737864942471918e-04 2.508224620926944497e-04 2.571249513738543845e-04 2.567615350825699309e-04 2.560230371259275745e-04 2.470784908447410679e-04 2.181406122233903329e-04 2.080353698303380623e-04
2.127053464849931936e-04 2.086662824312736375e-04 2.776724315044471576e-04 2.892653601504065436e-04 2.392976266340241800e-04 2.377002709119052182e-04 2.308485617104548654e-04 2.293550963653901028e-04 2.396794455835235223e-04 2.378006178897365617e-04 2.433447818134355984e-04 2.414332221482042007e-04 2.431099071385333776e-04 2.314925964999229680e-04 2.061709954044386572e-04 1.880001112927309607e-04
2.016012953392882731e-04 1.953283453599410956e-04 2.502612752750818579e-04 2.392976266340241800e-04 2.468713266802601697e-04 2.298620573941306832e-04 2.261162233116579309e-04 2.263514574711214923e-04 2.344947664947321546e-04 2.318025542771990635e-04 2.390916257371057988e-04 2.376436060192473998e-04 2.417933357963630403e-04 2.319239135525391811e-04 2.011144339812280014e-04 1.660727950795370033e-04
1.952987464136641659e-04 1.876588223367739233e-04 2.584635578934857576e-04 2.377002709119052182e-04 2.298620573941306832e-04 2.362993295281239265e-04 2.256081480129532382e-04 2.244627715196673059e-04 2.344035569586213111e-04 2.303786068165893769e-04 2.361369283618160143e-04 2.339167075476469653e-04 2.365960443001961300e-04 2.285845151451517071e-04 2.020003787835703501e-04 1.812515985184826896e-04
1.967982872339789878e-04 1.900135483558684150e-04 2.528204336082527735e-04 2.308485617104548654e-04 2.261162233116579309e-04 2.256081480129532382e-04 2.291689605023097668e-04 2.247815839001444233e-04 2.332041221247640626e-04 2.305478234174259051e-04 2.367735195646163647e-04 2.352245458433301669e-04 2.374260312010326428e-04 2.300105019946798487e-04 2.059172690885666829e-04 1.812654042590013895e-04
1.982567567487945220e-04 1.918759842638369532e-04 2.455820962111619158e-04 2.293550963653901028e-04 2.263514574711214923e-04 2.244627715196673059e-04 2.247815839001444233e-04 2.270881278689053969e-04 2.334359220430285342e-04 2.303918975959070355e-04 2.367338799858771474e-04 2.346788145658257254e-04 2.379741873975467080e-04 2.306521203201508695e-04 2.057006850864802068e-04 1.789349608908562814e-04
1.967911314229801715e-04 1.878139148969074730e-04 2.569737864942471918e-04 2.396794455835235223e-04 2.344947664947321546e-04 2.344035569586213111e-04 2.332041221247640626e-04 2.334359220430285342e-04 2.445721775719475184e-04 2.402867226583565595e-04 2.470055780012547254e-04 2.450151033258144415e-04 2.481813438010655663e-04 2.403479904928085623e-04 2.127166799434544872e-04 1.805837950185722445e-04
1.910473278850224259e-04 1.812766299734605135e-04 2.508224620926944497e-04 2.378006178897365617e-04 2.318025542771990635e-04 2.303786068165893769e-04 2.305478234174259051e-04 2.303918975959070355e-04 2.402867226583565595e-04 2.405436228504090703e-04 2.460223410835093473e-04 2.436163393710739878e-04 2.465865610351626906e-04 2.385403220419604847e-04 2.116203926141983511e-04 1.772382877441897758e-04
2.006860043660924173e-04 1.917473294495127608e-04 2.571249513738543845e-04 2.433447818134355984e-04 2.390916257371057988e-04 2.361369283618160143e-04 2.367735195646163647e-04 2.367338799858771474e-04 2.470055780012547254e-04 2.460223410835093473e-04 2.565223808084536941e-04 2.544813094619995694e-04 2.585827031204158250e-04 2.505371990276784020e-04 2.206791091034336367e-04 1.820010198187400950e-04
1.924820696748497160e-04 1.819694744633501516e-04 2.567615350825699309e-04 2.414332221482042007e-04 2.376436060192473998e-04 2.339167075476469653e-04 2.352245458433301669e-04 2.346788145658257254e-04 2.450151033258144415e-04 2.436163393710739878e-04 2.544813094619995694e-04 2.580602128511468702e-04 2.636347573054411255e-04 2.582076022451717991e-04 2.298106591801373378e-04 1.909523566638178483e-04
1.883737480066303028e-04 1.761620112773608522e-04 2.560230371259275745e-04 2.431099071385333776e-04 2.417933357963630403e-04 2.365960443001961300e-04 2.374260312010326428e-04 2.379741873975467080e-04 2.481813438010655663e-04 2.465865610351626906e-04 2.585827031204158250e-04 2.636347573054411255e-04 2.770365854670991533e-04 2.782953623422658018e-04 2.536956118927113208e-04 2.110187676981971317e-04
1.851208172715689590e-04 1.745712522625360210e-04 2.470784908447410679e-04 2.314925964999229680e-04 2.319239135525391811e-04 2.285845151451517071e-04 2.300105019946798487e-04 2.306521203201508695e-04 2.403479904928085623e-04 2.385403220419604847e-04 2.505371990276784020e-04 2.582076022451717991e-04 2.782953623422658018e-04 3.065409988851755855e-04 3.013322807061198281e-04 2.719847503470356614e-04
1.659004018793454425e-04 1.577528964573638706e-04 2.181406122233903329e-04 2.061709954044386572e-04 2.011144339812280014e-04 2.020003787835703501e-04 2.059172690885666829e-04 2.057006850864802068e-04 2.127166799434544872e-04 2.116203926141983511e-04 2.206791091034336367e-04 2.298106591801373378e-04 2.536956118927113208e-04 3.013322807061198281e-04 3.520464044827980687e-04 3.838499103258163187e-04
1.815631911552145240e-04 1.846306535842832106e-04 2.080353698303380623e-04 1.880001112927309607e-04 1.660727950795370033e-04 1.812515985184826896e-04 1.812654042590013895e-04 1.789349608908562814e-04 1.805837950185722445e-04 1.772382877441897758e-04 1.820010198187400950e-04 1.909523566638178483e-04 2.110187676981971317e-04 2.719847503470356614e-04 3.838499103258163187e-04 6.143698393321244452e-04
